      Assignment         w1         w2   Data Height 

         LEU3N-HN    122.454      8.397        -1310 
         GLY4N-HN    112.011      8.716       342287 
         SER5N-HN    115.117      8.179       398248 
         MET6N-HN    120.948      8.811       294874 
         ASP7N-HN    122.393      8.750       231860 
         SER8N-HN    113.952      7.840       302948 
        GLU11N-HN    122.194      8.604        42075 
        GLY12N-HN    110.537      9.037       136351 
        TYR13N-HN    118.803      7.535       159561 
        ARG14N-HN    124.929      8.619       121752 
        ARG15N-HN    126.648      9.163       107704 
        ASN16N-HN    124.209      9.605        75443 
     ASN16ND2-HD2    109.163      7.090         3718 
     ASN16ND2-HD2    109.166      6.849         1816 
        VAL17N-HN    116.755      9.270       128804 
        GLY18N-HN    110.732      8.007       196191 
        ILE19N-HN    122.473      7.981       189643 
        CYS20N-HN    130.028      9.355       162393 
        LEU21N-HN    108.085     10.055        91246 
        MET22N-HN    125.757      9.303       174699 
        ASN23N-HN    122.230      8.622       269961 
    ASN23ND2-HD21    113.184      7.612        20382 
    ASN23ND2-HD22    113.236      6.832         3718 
        ASN24N-HN    116.966      8.705       217059 
        ASP25N-HN    118.006      7.225       318005 
        LYS26N-HN    113.114      8.208       245057 
        LYS27N-HN    115.386      7.448       273555 
        ILE28N-HN    116.847      9.720       153809 
        PHE29N-HN    126.869      9.206       134621 
        ALA30N-HN    130.685      8.376       180838 
        ALA31N-HN    120.108      8.706        34422 
        SER32N-HN    114.746      8.049       167734 
        ARG33N-HN    124.075      8.338       138107 
        LEU34N-HN    122.180      8.234       120035 
        ASP35N-HN    115.180      8.690        98179 
        ILE36N-HN    119.458      7.063       186397 
        ASP38N-HN    115.142      8.240       209714 
        ALA39N-HN    123.720      8.231       266468 
        TRP40N-HN    123.370      8.003       156413 
     TRP40NE1-HE1    130.245     10.299       619340 
        GLN41N-HN    115.076      9.566       159967 
        MET42N-HN    117.359      8.569       195056 
        GLN44N-HN    119.804      8.161        22896 
        GLY45N-HN    110.308      8.597       119502 
        GLY46N-HN    106.936      8.357       159915 
        ILE47N-HN    118.772      7.401       146457 
        ASP48N-HN    130.406      9.240       161734 
        GLU49N-HN    121.435      8.659       390083 
        GLY50N-HN    114.697      8.952       176577 
        GLU51N-HN    123.328      7.929       364744 
        ASP52N-HN    127.327      8.821       294983 
        ARG54N-HN    117.271      8.537       342506 
        ASN55N-HN    116.896      7.455       228546 
    ASN55ND2-HD21    113.946      8.265         1362 
    ASN55ND2-HD22    113.899      7.045         2900 
        ALA56N-HN    124.510      8.446       234885 
        ALA57N-HN    120.881      8.197       298299 
        ILE58N-HN    118.111      7.564       152209 
        ARG59N-HN    121.372      7.964       183843 
        GLU60N-HN    119.582      9.227       141494 
        LEU61N-HN    118.174      8.166       200125 
        ARG62N-HN    122.100      7.430       180888 
        GLU63N-HN    119.874      9.050       161470 
        GLU64N-HN    112.746      8.406       161948 
        THR65N-HN    128.099      7.362       106895 
        GLY66N-HN    110.613      8.011       182309 
        VAL67N-HN    121.317      7.340       184525 
        THR68N-HN    115.554      8.648        80742 
        SER69N-HN    127.275     10.152       113038 
        ALA70N-HN    125.599      7.682       366550 
        GLU71N-HN    119.630      8.552       257323 
        VAL72N-HN    125.111      8.739       376041 
        ILE73N-HN    125.191      9.117       127992 
        ALA74N-HN    120.088      7.898       261023 
        GLU75N-HN    118.121      8.366       290222 
        VAL76N-HN    128.807      8.449       177496 
        TYR78N-HN    115.735      7.017       388063 
        TRP79N-HN    119.765      9.389       115872 
     TRP79NE1-HE1    106.546     10.514       260877 
        LEU80N-HN    124.859      8.776       109944 
        THR81N-HN    115.235      8.846       171136 
        TYR82N-HN    119.962      8.496        87520 
        ASP83N-HN    125.363      8.638       120533 
        PHE84N-HN    121.026      8.330       108423 
        LYS87N-HN    116.615      8.957        60470 
        VAL88N-HN    120.213      7.309       106553 
        ARG89N-HN    120.566      8.174       151268 
        GLU90N-HN    117.766      8.165       149251 
        LYS91N-HN    119.056      7.487       150173 
        LEU92N-HN    119.940      8.187       144828 
        ASN93N-HN    118.507      8.177       220569 
        ILE94N-HN    119.688      7.723        44093 
    GLN95NE2-HE21    110.924      7.079       -78757 
    GLN95NE2-HE22    110.926      6.700      -172504 
        GLU95N-HN    120.077      8.023        27495 
     TRP96NE1-HE1    128.507     10.103       381767 
        GLY97N-HN    110.244      8.137       108367 
        SER98N-HN    113.002      7.768        78201 
        ASP99N-HN    120.735      8.149        61627 
       TRP100N-HN    122.397      8.110        20238 
    TRP100NE1-HE1    129.545     10.191       350235 
       LYS101N-HN    120.201      8.721       126436 
       GLY102N-HN    129.794      6.930        90053 
       GLN103N-HN    117.907      8.549       114230 
       ALA104N-HN    126.512      9.248       111810 
       GLN105N-HN    121.526     10.129       116147 
       LYS106N-HN    106.557      8.825       106444 
       TRP107N-HN    126.895      8.219        93566 
    TRP107NE1-HE1    128.858     10.318       125528 
       PHE108N-HN    118.464      8.535       149971 
       LEU109N-HN    123.912      8.711       179313 
       PHE110N-HN    127.939      9.921       139167 
       LYS111N-HN    121.503      9.435       204461 
       PHE112N-HN    127.061      9.569       180208 
       THR113N-HN    120.151      8.591       163580 
       GLY114N-HN    107.751      5.139       125599 
       GLN115N-HN    118.168      8.709       292668 
   GLN115NE2-HE21    113.184      7.612        20382 
   GLN115NE2-HE22    113.204      6.855        18898 
       ASP116N-HN    122.994      9.199       313019 
       GLN117N-HN    117.399      8.409       361954 
   GLN117NE2-HE21    112.195      7.657        15124 
   GLN117NE2-HE22    112.228      6.965         9268 
       GLU118N-HN    120.050      8.538       296713 
       ILE119N-HN    117.888      7.324       243967 
       ASN120N-HN    126.880      8.780       210485 
   ASN120ND2-HD21    111.989      7.704         9469 
   ASN120ND2-HD22    112.220      6.882        10716 
       LEU121N-HN    123.009      9.094       200146 
       LEU122N-HN    117.096      7.891       279744 
       GLY123N-HN    108.559      7.816       397170 
       ASP124N-HN    122.454      8.424       113160 
       GLY125N-HN    109.382      8.567       437807 
       SER126N-HN    117.134      8.501        16987 
       GLU127N-HN    121.292      8.219       517547 
       LYS128N-HN    123.530      8.613       466460 
       GLU130N-HN    121.056      8.501       200087 
       PHE131N-HN    118.559      8.486       170468 
       GLY132N-HN    130.575      8.653       112958 
       GLU133N-HN    119.352      7.401       245219 
       TRP134N-HN    117.744      8.353       296884 
    TRP134NE1-HE1    130.117     10.183       501907 
       SER135N-HN    115.210      9.087       209273 
       TRP136N-HN    122.376      8.002       312492 
    TRP136NE1-HE1    106.539     11.118       312727 
       VAL137N-HN    118.910      9.964       153034 
       THR138N-HN    112.562      8.663       239436 
       GLU140N-HN    114.485      8.386       302360 
       GLN141N-HN    119.726      7.748       150906 
   GLN141NE2-HE21    110.751      7.423       -49859 
   GLN141NE2-HE22    110.751      6.753       -77631 
       LEU142N-HN    118.527      8.390       213483 
       ILE143N-HN    116.058      7.522       178708 
       ASP144N-HN    117.686      7.286       243337 
       LEU145N-HN    118.277      7.978       194204 
       THR146N-HN    114.449      7.414       218818 
       VAL147N-HN    118.279      7.964        99824 
       GLU148N-HN    124.028      8.832       191972 
       PHE149N-HN    113.305      7.978        84534 
       LYS150N-HN    116.451      7.316        91435 
       LYS151N-HN    120.099      7.420       146359 
       VAL153N-HN    117.610      6.698       154164 
       TYR154N-HN    119.062      8.355       119099 
       LYS155N-HN    118.218      8.596       207669 
       GLU156N-HN    120.167      7.264       223083 
       VAL157N-HN    120.110      8.245       170865 
       LEU158N-HN    115.899      8.376       164000 
       SER159N-HN    114.852      7.539       252664 
       VAL160N-HN    123.944      7.830       212405 
       PHE161N-HN    115.763      7.755       210189 
       ALA162N-HN    123.988      7.387       319890 
       HIS164N-HN    114.721      8.152       250455 
       LEU165N-HN    125.392      7.395       279832 
        SS332N-HN    113.353      7.052          556 
        SS345N-HN    112.775      6.865        46998 
        SS346N-HN    112.678      6.838         1067 
        SS358N-HN    111.682      6.885        29672 
        SS361N-HN    111.037      6.831        -8973 
   ASN512ND2-HD22    113.256      6.932        -7807 
