      Assignment         w1         w2   Data Height 

         LEU3N-HN    122.454      8.397        -3059 
         GLY4N-HN    112.011      8.716       182074 
         SER5N-HN    115.117      8.179       201706 
         MET6N-HN    120.948      8.811       142686 
         ASP7N-HN    122.393      8.750        97129 
         SER8N-HN    113.952      7.840       123267 
        GLU11N-HN    122.194      8.604        14900 
        GLY12N-HN    110.537      9.037        42967 
        TYR13N-HN    118.803      7.535        50099 
        ARG14N-HN    124.929      8.619        38226 
        ARG15N-HN    126.648      9.163        31510 
        ASN16N-HN    124.209      9.605        21622 
     ASN16ND2-HD2    109.163      7.090         -168 
     ASN16ND2-HD2    109.166      6.849         -525 
        VAL17N-HN    116.755      9.270        35194 
        GLY18N-HN    110.732      8.007        60934 
        ILE19N-HN    122.473      7.981        60270 
        CYS20N-HN    130.028      9.355        51509 
        LEU21N-HN    108.085     10.055        24669 
        MET22N-HN    125.757      9.303        59867 
        ASN23N-HN    122.230      8.622        95192 
    ASN23ND2-HD21    113.184      7.612        -2682 
    ASN23ND2-HD22    113.236      6.832         2255 
        ASN24N-HN    116.966      8.705        71268 
        ASP25N-HN    118.006      7.225       106550 
        LYS26N-HN    113.114      8.208        81146 
        LYS27N-HN    115.386      7.448        92261 
        ILE28N-HN    116.847      9.720        48086 
        PHE29N-HN    126.869      9.206        40814 
        ALA30N-HN    130.685      8.376        53062 
        ALA31N-HN    120.108      8.706         9202 
        SER32N-HN    114.746      8.049        49770 
        ARG33N-HN    124.075      8.338        47971 
        LEU34N-HN    122.180      8.234        32251 
        ASP35N-HN    115.180      8.690        25803 
        ILE36N-HN    119.458      7.063        50199 
        ASP38N-HN    115.142      8.240        62283 
        ALA39N-HN    123.720      8.231        90122 
        TRP40N-HN    123.370      8.003        59074 
     TRP40NE1-HE1    130.245     10.299       257987 
        GLN41N-HN    115.076      9.566        51027 
        MET42N-HN    117.359      8.569        71167 
        GLN44N-HN    119.804      8.161         8493 
        GLY45N-HN    110.308      8.597        31391 
        GLY46N-HN    106.936      8.357        52399 
        ILE47N-HN    118.772      7.401        48703 
        ASP48N-HN    130.406      9.240        46304 
        GLU49N-HN    121.435      8.659       140329 
        GLY50N-HN    114.697      8.952        69437 
        GLU51N-HN    123.328      7.929       117124 
        ASP52N-HN    127.327      8.821       109750 
        ARG54N-HN    117.271      8.537       115816 
        ASN55N-HN    116.896      7.455        71701 
    ASN55ND2-HD21    113.946      8.265          555 
    ASN55ND2-HD22    113.899      7.045         3630 
        ALA56N-HN    124.510      8.446        76838 
        ALA57N-HN    120.881      8.197        91935 
        ILE58N-HN    118.111      7.564        46107 
        ARG59N-HN    121.372      7.964        53089 
        GLU60N-HN    119.582      9.227        41302 
        LEU61N-HN    118.174      8.166        62247 
        ARG62N-HN    122.100      7.430        53873 
        GLU63N-HN    119.874      9.050        50845 
        GLU64N-HN    112.746      8.406        51132 
        THR65N-HN    128.099      7.362        37813 
        GLY66N-HN    110.613      8.011        50333 
        VAL67N-HN    121.317      7.340        56725 
        THR68N-HN    115.554      8.648        27227 
        SER69N-HN    127.275     10.152        39299 
        ALA70N-HN    125.599      7.682       139264 
        GLU71N-HN    119.630      8.552        88177 
        VAL72N-HN    125.111      8.739       141490 
        ILE73N-HN    125.191      9.117        41356 
        ALA74N-HN    120.088      7.898        84816 
        GLU75N-HN    118.121      8.366        97569 
        VAL76N-HN    128.807      8.449        63046 
        TYR78N-HN    115.735      7.017       160084 
        TRP79N-HN    119.765      9.389        33885 
     TRP79NE1-HE1    106.546     10.514        94924 
        LEU80N-HN    124.859      8.776        37788 
        THR81N-HN    115.235      8.846        54714 
        TYR82N-HN    119.962      8.496        22586 
        ASP83N-HN    125.363      8.638        30453 
        PHE84N-HN    121.026      8.330        37712 
        LYS87N-HN    116.615      8.957        12568 
        VAL88N-HN    120.213      7.309        33813 
        ARG89N-HN    120.566      8.174        41940 
        GLU90N-HN    117.766      8.165        34040 
        LYS91N-HN    119.056      7.487        50842 
        LEU92N-HN    119.940      8.187        35123 
        ASN93N-HN    118.507      8.177        70254 
        ILE94N-HN    119.688      7.723         9027 
    GLN95NE2-HE21    110.924      7.079       -19761 
    GLN95NE2-HE22    110.926      6.700       -29245 
        GLU95N-HN    120.077      8.023         6958 
     TRP96NE1-HE1    128.507     10.103       157015 
        GLY97N-HN    110.244      8.137        43099 
        SER98N-HN    113.002      7.768        22271 
        ASP99N-HN    120.735      8.149        19583 
       TRP100N-HN    122.397      8.110         8663 
    TRP100NE1-HE1    129.545     10.191       143938 
       LYS101N-HN    120.201      8.721        36258 
       GLY102N-HN    129.794      6.930        22948 
       GLN103N-HN    117.907      8.549        31165 
       ALA104N-HN    126.512      9.248        34272 
       GLN105N-HN    121.526     10.129        38757 
       LYS106N-HN    106.557      8.825        28024 
       TRP107N-HN    126.895      8.219        33003 
    TRP107NE1-HE1    128.858     10.318        42835 
       PHE108N-HN    118.464      8.535        44341 
       LEU109N-HN    123.912      8.711        59426 
       PHE110N-HN    127.939      9.921        48663 
       LYS111N-HN    121.503      9.435        66113 
       PHE112N-HN    127.061      9.569        62272 
       THR113N-HN    120.151      8.591        48890 
       GLY114N-HN    107.751      5.139        40732 
       GLN115N-HN    118.168      8.709       101264 
   GLN115NE2-HE21    113.184      7.612        -2682 
   GLN115NE2-HE22    113.204      6.855         2006 
       ASP116N-HN    122.994      9.199       107203 
       GLN117N-HN    117.399      8.409       106082 
   GLN117NE2-HE21    112.195      7.657         1052 
   GLN117NE2-HE22    112.228      6.965        -2531 
       GLU118N-HN    120.050      8.538        85358 
       ILE119N-HN    117.888      7.324        71810 
       ASN120N-HN    126.880      8.780        75336 
   ASN120ND2-HD21    111.989      7.704        -1801 
   ASN120ND2-HD22    112.220      6.882         3716 
       LEU121N-HN    123.009      9.094        69292 
       LEU122N-HN    117.096      7.891        88133 
       GLY123N-HN    108.559      7.816       153092 
       ASP124N-HN    122.454      8.424        51848 
       GLY125N-HN    109.382      8.567       191316 
       SER126N-HN    117.134      8.501         3514 
       GLU127N-HN    121.292      8.219       213508 
       LYS128N-HN    123.530      8.613       191032 
       GLU130N-HN    121.056      8.501        69659 
       PHE131N-HN    118.559      8.486        56518 
       GLY132N-HN    130.575      8.653        32676 
       GLU133N-HN    119.352      7.401        82567 
       TRP134N-HN    117.744      8.353        86662 
    TRP134NE1-HE1    130.117     10.183       186183 
       SER135N-HN    115.210      9.087        63911 
       TRP136N-HN    122.376      8.002       103214 
    TRP136NE1-HE1    106.539     11.118       110353 
       VAL137N-HN    118.910      9.964        49390 
       THR138N-HN    112.562      8.663        81473 
       GLU140N-HN    114.485      8.386        97580 
       GLN141N-HN    119.726      7.748        41502 
   GLN141NE2-HE21    110.751      7.423       -16434 
   GLN141NE2-HE22    110.751      6.753       -22005 
       LEU142N-HN    118.527      8.390        64581 
       ILE143N-HN    116.058      7.522        51407 
       ASP144N-HN    117.686      7.286        68824 
       LEU145N-HN    118.277      7.978        54295 
       THR146N-HN    114.449      7.414        70021 
       VAL147N-HN    118.279      7.964        29980 
       GLU148N-HN    124.028      8.832        63721 
       PHE149N-HN    113.305      7.978        26382 
       LYS150N-HN    116.451      7.316        19008 
       LYS151N-HN    120.099      7.420        42881 
       VAL153N-HN    117.610      6.698        50913 
       TYR154N-HN    119.062      8.355        33262 
       LYS155N-HN    118.218      8.596        66017 
       GLU156N-HN    120.167      7.264        66169 
       VAL157N-HN    120.110      8.245        51518 
       LEU158N-HN    115.899      8.376        52403 
       SER159N-HN    114.852      7.539        80108 
       VAL160N-HN    123.944      7.830        69004 
       PHE161N-HN    115.763      7.755        67499 
       ALA162N-HN    123.988      7.387       102014 
       HIS164N-HN    114.721      8.152        81259 
       LEU165N-HN    125.392      7.395        96857 
        SS332N-HN    113.353      7.052        -1825 
        SS345N-HN    112.775      6.865        28207 
        SS346N-HN    112.678      6.838        -1697 
        SS358N-HN    111.682      6.885         9759 
        SS361N-HN    111.037      6.831          592 
   ASN512ND2-HD22    113.256      6.932        -4396 
