      Assignment         w1         w2   Data Height 

         LEU3N-HN    122.454      8.397         2903 
         GLY4N-HN    112.011      8.716       407483 
         SER5N-HN    115.117      8.179       465919 
         MET6N-HN    120.948      8.811       356984 
         ASP7N-HN    122.393      8.750       286784 
         SER8N-HN    113.952      7.840       381455 
        GLU11N-HN    122.194      8.604        49863 
        GLY12N-HN    110.537      9.037       170235 
        TYR13N-HN    118.803      7.535       222634 
        ARG14N-HN    124.929      8.619       158779 
        ARG15N-HN    126.648      9.163       144820 
        ASN16N-HN    124.209      9.605       108549 
     ASN16ND2-HD2    109.163      7.090        18628 
     ASN16ND2-HD2    109.166      6.849         2706 
        VAL17N-HN    116.755      9.270       172255 
        GLY18N-HN    110.732      8.007       249682 
        ILE19N-HN    122.473      7.981       263303 
        CYS20N-HN    130.028      9.355       211385 
        LEU21N-HN    108.085     10.055       119131 
        MET22N-HN    125.757      9.303       235534 
        ASN23N-HN    122.230      8.622       345715 
    ASN23ND2-HD21    113.184      7.612       -72435 
    ASN23ND2-HD22    113.236      6.832       -15356 
        ASN24N-HN    116.966      8.705       287003 
        ASP25N-HN    118.006      7.225       419752 
        LYS26N-HN    113.114      8.208       320047 
        LYS27N-HN    115.386      7.448       363931 
        ILE28N-HN    116.847      9.720       202258 
        PHE29N-HN    126.869      9.206       168919 
        ALA30N-HN    130.685      8.376       250249 
        ALA31N-HN    120.108      8.706        43879 
        SER32N-HN    114.746      8.049       231552 
        ARG33N-HN    124.075      8.338       179604 
        LEU34N-HN    122.180      8.234       162354 
        ASP35N-HN    115.180      8.690       138283 
        ILE36N-HN    119.458      7.063       258696 
        ASP38N-HN    115.142      8.240       285055 
        ALA39N-HN    123.720      8.231       347033 
        TRP40N-HN    123.370      8.003       204570 
     TRP40NE1-HE1    130.245     10.299       769289 
        GLN41N-HN    115.076      9.566       219002 
        MET42N-HN    117.359      8.569       243396 
        GLN44N-HN    119.804      8.161        30811 
        GLY45N-HN    110.308      8.597       161838 
        GLY46N-HN    106.936      8.357       209184 
        ILE47N-HN    118.772      7.401       195683 
        ASP48N-HN    130.406      9.240       215433 
        GLU49N-HN    121.435      8.659       505315 
        GLY50N-HN    114.697      8.952       223430 
        GLU51N-HN    123.328      7.929       482935 
        ASP52N-HN    127.327      8.821       373350 
        ARG54N-HN    117.271      8.537       448067 
        ASN55N-HN    116.896      7.455       301689 
    ASN55ND2-HD21    113.946      8.265       -13902 
    ASN55ND2-HD22    113.899      7.045          910 
        ALA56N-HN    124.510      8.446       314414 
        ALA57N-HN    120.881      8.197       398898 
        ILE58N-HN    118.111      7.564       201776 
        ARG59N-HN    121.372      7.964       252068 
        GLU60N-HN    119.582      9.227       194626 
        LEU61N-HN    118.174      8.166       275558 
        ARG62N-HN    122.100      7.430       242055 
        GLU63N-HN    119.874      9.050       223546 
        GLU64N-HN    112.746      8.406       212777 
        THR65N-HN    128.099      7.362       155382 
        GLY66N-HN    110.613      8.011       242426 
        VAL67N-HN    121.317      7.340       250097 
        THR68N-HN    115.554      8.648       114835 
        SER69N-HN    127.275     10.152       144834 
        ALA70N-HN    125.599      7.682       495170 
        GLU71N-HN    119.630      8.552       333257 
        VAL72N-HN    125.111      8.739       482847 
        ILE73N-HN    125.191      9.117       164483 
        ALA74N-HN    120.088      7.898       348804 
        GLU75N-HN    118.121      8.366       386047 
        VAL76N-HN    128.807      8.449       229041 
        TYR78N-HN    115.735      7.017       474158 
        TRP79N-HN    119.765      9.389       157914 
     TRP79NE1-HE1    106.546     10.514       336545 
        LEU80N-HN    124.859      8.776       142142 
        THR81N-HN    115.235      8.846       218965 
        TYR82N-HN    119.962      8.496       114628 
        ASP83N-HN    125.363      8.638       168740 
        PHE84N-HN    121.026      8.330       146588 
        LYS87N-HN    116.615      8.957        85735 
        VAL88N-HN    120.213      7.309       141752 
        ARG89N-HN    120.566      8.174       208620 
        GLU90N-HN    117.766      8.165       209651 
        LYS91N-HN    119.056      7.487       198189 
        LEU92N-HN    119.940      8.187       188607 
        ASN93N-HN    118.507      8.177       293092 
        ILE94N-HN    119.688      7.723        62324 
    GLN95NE2-HE21    110.924      7.079        95565 
    GLN95NE2-HE22    110.926      6.700       218506 
        GLU95N-HN    120.077      8.023        41921 
     TRP96NE1-HE1    128.507     10.103       480441 
        GLY97N-HN    110.244      8.137       145964 
        SER98N-HN    113.002      7.768       111772 
        ASP99N-HN    120.735      8.149        77713 
       TRP100N-HN    122.397      8.110        45670 
    TRP100NE1-HE1    129.545     10.191       432005 
       LYS101N-HN    120.201      8.721       172928 
       GLY102N-HN    129.794      6.930       127263 
       GLN103N-HN    117.907      8.549       151462 
       ALA104N-HN    126.512      9.248       149403 
       GLN105N-HN    121.526     10.129       150562 
       LYS106N-HN    106.557      8.825       144984 
       TRP107N-HN    126.895      8.219       114659 
    TRP107NE1-HE1    128.858     10.318       160493 
       PHE108N-HN    118.464      8.535       196888 
       LEU109N-HN    123.912      8.711       233837 
       PHE110N-HN    127.939      9.921       194116 
       LYS111N-HN    121.503      9.435       268398 
       PHE112N-HN    127.061      9.569       226833 
       THR113N-HN    120.151      8.591       213768 
       GLY114N-HN    107.751      5.139       168454 
       GLN115N-HN    118.168      8.709       375635 
   GLN115NE2-HE21    113.184      7.612       -72435 
   GLN115NE2-HE22    113.204      6.855      -126306 
       ASP116N-HN    122.994      9.199       414770 
       GLN117N-HN    117.399      8.409       490281 
   GLN117NE2-HE21    112.195      7.657        16571 
   GLN117NE2-HE22    112.228      6.965         4906 
       GLU118N-HN    120.050      8.538       401999 
       ILE119N-HN    117.888      7.324       334298 
       ASN120N-HN    126.880      8.780       274797 
   ASN120ND2-HD21    111.989      7.704        12184 
   ASN120ND2-HD22    112.220      6.882        10341 
       LEU121N-HN    123.009      9.094       263613 
       LEU122N-HN    117.096      7.891       386014 
       GLY123N-HN    108.559      7.816       498730 
       ASP124N-HN    122.454      8.424       134828 
       GLY125N-HN    109.382      8.567       538070 
       SER126N-HN    117.134      8.501        27031 
       GLU127N-HN    121.292      8.219       646884 
       LYS128N-HN    123.530      8.613       585795 
       GLU130N-HN    121.056      8.501       261394 
       PHE131N-HN    118.559      8.486       230418 
       GLY132N-HN    130.575      8.653       157784 
       GLU133N-HN    119.352      7.401       323877 
       TRP134N-HN    117.744      8.353       398637 
    TRP134NE1-HE1    130.117     10.183       638320 
       SER135N-HN    115.210      9.087       278355 
       TRP136N-HN    122.376      8.002       407521 
    TRP136NE1-HE1    106.539     11.118       411911 
       VAL137N-HN    118.910      9.964       213438 
       THR138N-HN    112.562      8.663       314907 
       GLU140N-HN    114.485      8.386       399391 
       GLN141N-HN    119.726      7.748       215037 
   GLN141NE2-HE21    110.751      7.423        70228 
   GLN141NE2-HE22    110.751      6.753        98241 
       LEU142N-HN    118.527      8.390       296817 
       ILE143N-HN    116.058      7.522       247355 
       ASP144N-HN    117.686      7.286       335088 
       LEU145N-HN    118.277      7.978       258180 
       THR146N-HN    114.449      7.414       296180 
       VAL147N-HN    118.279      7.964       132967 
       GLU148N-HN    124.028      8.832       251274 
       PHE149N-HN    113.305      7.978       119017 
       LYS150N-HN    116.451      7.316       133059 
       LYS151N-HN    120.099      7.420       195731 
       VAL153N-HN    117.610      6.698       199027 
       TYR154N-HN    119.062      8.355       161770 
       LYS155N-HN    118.218      8.596       281668 
       GLU156N-HN    120.167      7.264       299467 
       VAL157N-HN    120.110      8.245       237177 
       LEU158N-HN    115.899      8.376       220281 
       SER159N-HN    114.852      7.539       335675 
       VAL160N-HN    123.944      7.830       284459 
       PHE161N-HN    115.763      7.755       285395 
       ALA162N-HN    123.988      7.387       429700 
       HIS164N-HN    114.721      8.152       339562 
       LEU165N-HN    125.392      7.395       364379 
        SS332N-HN    113.353      7.052        -4062 
        SS345N-HN    112.775      6.865        43587 
        SS346N-HN    112.678      6.838        -1205 
        SS358N-HN    111.682      6.885        37665 
        SS361N-HN    111.037      6.831        14294 
   ASN512ND2-HD22    113.256      6.932         1600 
