      Assignment         w1         w2   Data Height 

         LEU3N-HN    122.454      8.397        -1431 
         GLY4N-HN    112.011      8.716       251563 
         SER5N-HN    115.117      8.179       283117 
         MET6N-HN    120.948      8.811       204631 
         ASP7N-HN    122.393      8.750       152603 
         SER8N-HN    113.952      7.840       198958 
        GLU11N-HN    122.194      8.604        26671 
        GLY12N-HN    110.537      9.037        77697 
        TYR13N-HN    118.803      7.535        86391 
        ARG14N-HN    124.929      8.619        69458 
        ARG15N-HN    126.648      9.163        56001 
        ASN16N-HN    124.209      9.605        41811 
     ASN16ND2-HD2    109.163      7.090         1482 
     ASN16ND2-HD2    109.166      6.849        -2276 
        VAL17N-HN    116.755      9.270        74357 
        GLY18N-HN    110.732      8.007       116898 
        ILE19N-HN    122.473      7.981       110686 
        CYS20N-HN    130.028      9.355        87413 
        LEU21N-HN    108.085     10.055        52649 
        MET22N-HN    125.757      9.303       100041 
        ASN23N-HN    122.230      8.622       160538 
    ASN23ND2-HD21    113.184      7.612         9920 
    ASN23ND2-HD22    113.236      6.832         4441 
        ASN24N-HN    116.966      8.705       127900 
        ASP25N-HN    118.006      7.225       188307 
        LYS26N-HN    113.114      8.208       138768 
        LYS27N-HN    115.386      7.448       159588 
        ILE28N-HN    116.847      9.720        86909 
        PHE29N-HN    126.869      9.206        74000 
        ALA30N-HN    130.685      8.376        96289 
        ALA31N-HN    120.108      8.706        16082 
        SER32N-HN    114.746      8.049        91760 
        ARG33N-HN    124.075      8.338        78548 
        LEU34N-HN    122.180      8.234        63564 
        ASP35N-HN    115.180      8.690        54714 
        ILE36N-HN    119.458      7.063        99123 
        ASP38N-HN    115.142      8.240       115728 
        ALA39N-HN    123.720      8.231       160900 
        TRP40N-HN    123.370      8.003        98028 
     TRP40NE1-HE1    130.245     10.299       400513 
        GLN41N-HN    115.076      9.566        88726 
        MET42N-HN    117.359      8.569       120336 
        GLN44N-HN    119.804      8.161        10584 
        GLY45N-HN    110.308      8.597        59973 
        GLY46N-HN    106.936      8.357        94920 
        ILE47N-HN    118.772      7.401        84957 
        ASP48N-HN    130.406      9.240        88331 
        GLU49N-HN    121.435      8.659       233412 
        GLY50N-HN    114.697      8.952       113280 
        GLU51N-HN    123.328      7.929       209628 
        ASP52N-HN    127.327      8.821       176691 
        ARG54N-HN    117.271      8.537       198367 
        ASN55N-HN    116.896      7.455       130200 
    ASN55ND2-HD21    113.946      8.265         4137 
    ASN55ND2-HD22    113.899      7.045         4421 
        ALA56N-HN    124.510      8.446       132138 
        ALA57N-HN    120.881      8.197       164454 
        ILE58N-HN    118.111      7.564        84705 
        ARG59N-HN    121.372      7.964       101037 
        GLU60N-HN    119.582      9.227        72650 
        LEU61N-HN    118.174      8.166       110998 
        ARG62N-HN    122.100      7.430        99758 
        GLU63N-HN    119.874      9.050        88515 
        GLU64N-HN    112.746      8.406        91780 
        THR65N-HN    128.099      7.362        63795 
        GLY66N-HN    110.613      8.011       102301 
        VAL67N-HN    121.317      7.340       103061 
        THR68N-HN    115.554      8.648        45033 
        SER69N-HN    127.275     10.152        68594 
        ALA70N-HN    125.599      7.682       232961 
        GLU71N-HN    119.630      8.552       151610 
        VAL72N-HN    125.111      8.739       231380 
        ILE73N-HN    125.191      9.117        74608 
        ALA74N-HN    120.088      7.898       148033 
        GLU75N-HN    118.121      8.366       167267 
        VAL76N-HN    128.807      8.449       100289 
        TYR78N-HN    115.735      7.017       252700 
        TRP79N-HN    119.765      9.389        65572 
     TRP79NE1-HE1    106.546     10.514       162312 
        LEU80N-HN    124.859      8.776        60543 
        THR81N-HN    115.235      8.846        97662 
        TYR82N-HN    119.962      8.496        43052 
        ASP83N-HN    125.363      8.638        58940 
        PHE84N-HN    121.026      8.330        62334 
        LYS87N-HN    116.615      8.957        30424 
        VAL88N-HN    120.213      7.309        60078 
        ARG89N-HN    120.566      8.174        77961 
        GLU90N-HN    117.766      8.165        76705 
        LYS91N-HN    119.056      7.487        87457 
        LEU92N-HN    119.940      8.187        73204 
        ASN93N-HN    118.507      8.177       129511 
        ILE94N-HN    119.688      7.723        19518 
    GLN95NE2-HE21    110.924      7.079       -41586 
    GLN95NE2-HE22    110.926      6.700       -88443 
        GLU95N-HN    120.077      8.023         5272 
     TRP96NE1-HE1    128.507     10.103       245939 
        GLY97N-HN    110.244      8.137        67556 
        SER98N-HN    113.002      7.768        45570 
        ASP99N-HN    120.735      8.149        31060 
       TRP100N-HN    122.397      8.110        10152 
    TRP100NE1-HE1    129.545     10.191       222317 
       LYS101N-HN    120.201      8.721        68888 
       GLY102N-HN    129.794      6.930        50569 
       GLN103N-HN    117.907      8.549        60917 
       ALA104N-HN    126.512      9.248        59086 
       GLN105N-HN    121.526     10.129        64171 
       LYS106N-HN    106.557      8.825        57496 
       TRP107N-HN    126.895      8.219        52489 
    TRP107NE1-HE1    128.858     10.318        72180 
       PHE108N-HN    118.464      8.535        82087 
       LEU109N-HN    123.912      8.711        99385 
       PHE110N-HN    127.939      9.921        80585 
       LYS111N-HN    121.503      9.435       120760 
       PHE112N-HN    127.061      9.569       103033 
       THR113N-HN    120.151      8.591        86207 
       GLY114N-HN    107.751      5.139        65649 
       GLN115N-HN    118.168      8.709       168723 
   GLN115NE2-HE21    113.184      7.612         9920 
   GLN115NE2-HE22    113.204      6.855        19543 
       ASP116N-HN    122.994      9.199       185025 
       GLN117N-HN    117.399      8.409       191715 
   GLN117NE2-HE21    112.195      7.657        -3120 
   GLN117NE2-HE22    112.228      6.965         -863 
       GLU118N-HN    120.050      8.538       162948 
       ILE119N-HN    117.888      7.324       133276 
       ASN120N-HN    126.880      8.780       124353 
   ASN120ND2-HD21    111.989      7.704        -2804 
   ASN120ND2-HD22    112.220      6.882         7759 
       LEU121N-HN    123.009      9.094       120213 
       LEU122N-HN    117.096      7.891       155559 
       GLY123N-HN    108.559      7.816       245299 
       ASP124N-HN    122.454      8.424        76837 
       GLY125N-HN    109.382      8.567       290289 
       SER126N-HN    117.134      8.501         8828 
       GLU127N-HN    121.292      8.219       331302 
       LYS128N-HN    123.530      8.613       298083 
       GLU130N-HN    121.056      8.501       117431 
       PHE131N-HN    118.559      8.486       101243 
       GLY132N-HN    130.575      8.653        69715 
       GLU133N-HN    119.352      7.401       143026 
       TRP134N-HN    117.744      8.353       162601 
    TRP134NE1-HE1    130.117     10.183       305016 
       SER135N-HN    115.210      9.087       115734 
       TRP136N-HN    122.376      8.002       182750 
    TRP136NE1-HE1    106.539     11.118       180709 
       VAL137N-HN    118.910      9.964        89686 
       THR138N-HN    112.562      8.663       142393 
       GLU140N-HN    114.485      8.386       175631 
       GLN141N-HN    119.726      7.748        78938 
   GLN141NE2-HE21    110.751      7.423       -36045 
   GLN141NE2-HE22    110.751      6.753       -45777 
       LEU142N-HN    118.527      8.390       116377 
       ILE143N-HN    116.058      7.522       101513 
       ASP144N-HN    117.686      7.286       131796 
       LEU145N-HN    118.277      7.978       105845 
       THR146N-HN    114.449      7.414       122040 
       VAL147N-HN    118.279      7.964        48500 
       GLU148N-HN    124.028      8.832       107485 
       PHE149N-HN    113.305      7.978        44065 
       LYS150N-HN    116.451      7.316        44487 
       LYS151N-HN    120.099      7.420        81302 
       VAL153N-HN    117.610      6.698        88515 
       TYR154N-HN    119.062      8.355        63782 
       LYS155N-HN    118.218      8.596       113767 
       GLU156N-HN    120.167      7.264       119803 
       VAL157N-HN    120.110      8.245        92326 
       LEU158N-HN    115.899      8.376        88250 
       SER159N-HN    114.852      7.539       141430 
       VAL160N-HN    123.944      7.830       117921 
       PHE161N-HN    115.763      7.755       120509 
       ALA162N-HN    123.988      7.387       179184 
       HIS164N-HN    114.721      8.152       145509 
       LEU165N-HN    125.392      7.395       163814 
        SS332N-HN    113.353      7.052          930 
        SS345N-HN    112.775      6.865        35062 
        SS346N-HN    112.678      6.838          768 
        SS358N-HN    111.682      6.885        18197 
        SS361N-HN    111.037      6.831        -3547 
   ASN512ND2-HD22    113.256      6.932        -1274 
