      Assignment         w1         w2   Data Height 

         LEU3N-HN    122.454      8.397         1470 
         GLY4N-HN    112.011      8.716       110189 
         SER5N-HN    115.117      8.179       125651 
         MET6N-HN    120.948      8.811        81584 
         ASP7N-HN    122.393      8.750        53383 
         SER8N-HN    113.952      7.840        66746 
        GLU11N-HN    122.194      8.604         5940 
        GLY12N-HN    110.537      9.037        19876 
        TYR13N-HN    118.803      7.535        17336 
        ARG14N-HN    124.929      8.619        20462 
        ARG15N-HN    126.648      9.163        13551 
        ASN16N-HN    124.209      9.605         8497 
     ASN16ND2-HD2    109.163      7.090         -629 
     ASN16ND2-HD2    109.166      6.849         3558 
        VAL17N-HN    116.755      9.270        14664 
        GLY18N-HN    110.732      8.007        24276 
        ILE19N-HN    122.473      7.981        30044 
        CYS20N-HN    130.028      9.355        23752 
        LEU21N-HN    108.085     10.055        10808 
        MET22N-HN    125.757      9.303        24665 
        ASN23N-HN    122.230      8.622        38773 
    ASN23ND2-HD21    113.184      7.612         3658 
    ASN23ND2-HD22    113.236      6.832         1476 
        ASN24N-HN    116.966      8.705        31556 
        ASP25N-HN    118.006      7.225        47157 
        LYS26N-HN    113.114      8.208        34439 
        LYS27N-HN    115.386      7.448        33701 
        ILE28N-HN    116.847      9.720        22256 
        PHE29N-HN    126.869      9.206        16569 
        ALA30N-HN    130.685      8.376        17315 
        ALA31N-HN    120.108      8.706         6943 
        SER32N-HN    114.746      8.049        17821 
        ARG33N-HN    124.075      8.338        21963 
        LEU34N-HN    122.180      8.234        13079 
        ASP35N-HN    115.180      8.690        14372 
        ILE36N-HN    119.458      7.063        21464 
        ASP38N-HN    115.142      8.240        24501 
        ALA39N-HN    123.720      8.231        40949 
        TRP40N-HN    123.370      8.003        27500 
     TRP40NE1-HE1    130.245     10.299       134059 
        GLN41N-HN    115.076      9.566        18439 
        MET42N-HN    117.359      8.569        35547 
        GLN44N-HN    119.804      8.161         3071 
        GLY45N-HN    110.308      8.597        12470 
        GLY46N-HN    106.936      8.357        24946 
        ILE47N-HN    118.772      7.401        22236 
        ASP48N-HN    130.406      9.240        20946 
        GLU49N-HN    121.435      8.659        61674 
        GLY50N-HN    114.697      8.952        33425 
        GLU51N-HN    123.328      7.929        48052 
        ASP52N-HN    127.327      8.821        51807 
        ARG54N-HN    117.271      8.537        50871 
        ASN55N-HN    116.896      7.455        31351 
    ASN55ND2-HD21    113.946      8.265         3716 
    ASN55ND2-HD22    113.899      7.045        -4277 
        ALA56N-HN    124.510      8.446        33518 
        ALA57N-HN    120.881      8.197        35863 
        ILE58N-HN    118.111      7.564        19345 
        ARG59N-HN    121.372      7.964        23094 
        GLU60N-HN    119.582      9.227        12825 
        LEU61N-HN    118.174      8.166        24273 
        ARG62N-HN    122.100      7.430        24785 
        GLU63N-HN    119.874      9.050        20223 
        GLU64N-HN    112.746      8.406        24025 
        THR65N-HN    128.099      7.362        16125 
        GLY66N-HN    110.613      8.011        19631 
        VAL67N-HN    121.317      7.340        23975 
        THR68N-HN    115.554      8.648        11018 
        SER69N-HN    127.275     10.152        17958 
        ALA70N-HN    125.599      7.682        66053 
        GLU71N-HN    119.630      8.552        35613 
        VAL72N-HN    125.111      8.739        66472 
        ILE73N-HN    125.191      9.117        18652 
        ALA74N-HN    120.088      7.898        34339 
        GLU75N-HN    118.121      8.366        38601 
        VAL76N-HN    128.807      8.449        23750 
        TYR78N-HN    115.735      7.017        82110 
        TRP79N-HN    119.765      9.389        14835 
     TRP79NE1-HE1    106.546     10.514        43883 
        LEU80N-HN    124.859      8.776        14399 
        THR81N-HN    115.235      8.846        25795 
        TYR82N-HN    119.962      8.496         9733 
        ASP83N-HN    125.363      8.638        13687 
        PHE84N-HN    121.026      8.330        14677 
        LYS87N-HN    116.615      8.957         4692 
        VAL88N-HN    120.213      7.309        11080 
        ARG89N-HN    120.566      8.174        17463 
        GLU90N-HN    117.766      8.165        13715 
        LYS91N-HN    119.056      7.487        19348 
        LEU92N-HN    119.940      8.187        14878 
        ASN93N-HN    118.507      8.177        32344 
        ILE94N-HN    119.688      7.723         6466 
    GLN95NE2-HE21    110.924      7.079        -6098 
    GLN95NE2-HE22    110.926      6.700       -12701 
        GLU95N-HN    120.077      8.023         2859 
     TRP96NE1-HE1    128.507     10.103        88919 
        GLY97N-HN    110.244      8.137        18528 
        SER98N-HN    113.002      7.768         9841 
        ASP99N-HN    120.735      8.149         8039 
       TRP100N-HN    122.397      8.110         1993 
    TRP100NE1-HE1    129.545     10.191        76948 
       LYS101N-HN    120.201      8.721        12990 
       GLY102N-HN    129.794      6.930         8619 
       GLN103N-HN    117.907      8.549        13849 
       ALA104N-HN    126.512      9.248        13751 
       GLN105N-HN    121.526     10.129        14894 
       LYS106N-HN    106.557      8.825        11895 
       TRP107N-HN    126.895      8.219        13483 
    TRP107NE1-HE1    128.858     10.318        17902 
       PHE108N-HN    118.464      8.535        20039 
       LEU109N-HN    123.912      8.711        20501 
       PHE110N-HN    127.939      9.921        18245 
       LYS111N-HN    121.503      9.435        33050 
       PHE112N-HN    127.061      9.569        29508 
       THR113N-HN    120.151      8.591        19309 
       GLY114N-HN    107.751      5.139        15428 
       GLN115N-HN    118.168      8.709        39604 
   GLN115NE2-HE21    113.184      7.612         3658 
   GLN115NE2-HE22    113.204      6.855         3926 
       ASP116N-HN    122.994      9.199        45377 
       GLN117N-HN    117.399      8.409        39709 
   GLN117NE2-HE21    112.195      7.657         1029 
   GLN117NE2-HE22    112.228      6.965          919 
       GLU118N-HN    120.050      8.538        34836 
       ILE119N-HN    117.888      7.324        30161 
       ASN120N-HN    126.880      8.780        28287 
   ASN120ND2-HD21    111.989      7.704         3066 
   ASN120ND2-HD22    112.220      6.882         1789 
       LEU121N-HN    123.009      9.094        30175 
       LEU122N-HN    117.096      7.891        35342 
       GLY123N-HN    108.559      7.816        82243 
       ASP124N-HN    122.454      8.424        32996 
       GLY125N-HN    109.382      8.567       107665 
       SER126N-HN    117.134      8.501         5820 
       GLU127N-HN    121.292      8.219       108564 
       LYS128N-HN    123.530      8.613       100718 
       GLU130N-HN    121.056      8.501        35499 
       PHE131N-HN    118.559      8.486        19971 
       GLY132N-HN    130.575      8.653        12748 
       GLU133N-HN    119.352      7.401        38199 
       TRP134N-HN    117.744      8.353        38230 
    TRP134NE1-HE1    130.117     10.183        90986 
       SER135N-HN    115.210      9.087        22506 
       TRP136N-HN    122.376      8.002        44811 
    TRP136NE1-HE1    106.539     11.118        43906 
       VAL137N-HN    118.910      9.964        26639 
       THR138N-HN    112.562      8.663        35551 
       GLU140N-HN    114.485      8.386        45726 
       GLN141N-HN    119.726      7.748        13881 
   GLN141NE2-HE21    110.751      7.423         4871 
   GLN141NE2-HE22    110.751      6.753        14150 
       LEU142N-HN    118.527      8.390        26458 
       ILE143N-HN    116.058      7.522        18539 
       ASP144N-HN    117.686      7.286        24954 
       LEU145N-HN    118.277      7.978        19939 
       THR146N-HN    114.449      7.414        28998 
       VAL147N-HN    118.279      7.964        10315 
       GLU148N-HN    124.028      8.832        32991 
       PHE149N-HN    113.305      7.978         8589 
       LYS150N-HN    116.451      7.316         5991 
       LYS151N-HN    120.099      7.420        16370 
       VAL153N-HN    117.610      6.698        19232 
       TYR154N-HN    119.062      8.355        14541 
       LYS155N-HN    118.218      8.596        23265 
       GLU156N-HN    120.167      7.264        27286 
       VAL157N-HN    120.110      8.245        24813 
       LEU158N-HN    115.899      8.376        20994 
       SER159N-HN    114.852      7.539        36237 
       VAL160N-HN    123.944      7.830        28976 
       PHE161N-HN    115.763      7.755        27356 
       ALA162N-HN    123.988      7.387        44299 
       HIS164N-HN    114.721      8.152        34479 
       LEU165N-HN    125.392      7.395        42529 
        SS332N-HN    113.353      7.052        -1302 
        SS345N-HN    112.775      6.865        19271 
        SS346N-HN    112.678      6.838          796 
        SS358N-HN    111.682      6.885         5838 
        SS361N-HN    111.037      6.831        -1400 
   ASN512ND2-HD22    113.256      6.932         -249 
