      Assignment         w1         w2   Data Height 

         LEU3N-HN    122.454      8.397        -3631 
         GLY4N-HN    112.011      8.716        78506 
         SER5N-HN    115.117      8.179        89288 
         MET6N-HN    120.948      8.811        56137 
         ASP7N-HN    122.393      8.750        35967 
         SER8N-HN    113.952      7.840        42963 
        GLU11N-HN    122.194      8.604         6483 
        GLY12N-HN    110.537      9.037        13830 
        TYR13N-HN    118.803      7.535         7406 
        ARG14N-HN    124.929      8.619        10067 
        ARG15N-HN    126.648      9.163         7227 
        ASN16N-HN    124.209      9.605         7290 
     ASN16ND2-HD2    109.163      7.090          231 
     ASN16ND2-HD2    109.166      6.849         -467 
        VAL17N-HN    116.755      9.270         3094 
        GLY18N-HN    110.732      8.007        17314 
        ILE19N-HN    122.473      7.981        13112 
        CYS20N-HN    130.028      9.355        12965 
        LEU21N-HN    108.085     10.055         7802 
        MET22N-HN    125.757      9.303        12319 
        ASN23N-HN    122.230      8.622        25165 
    ASN23ND2-HD21    113.184      7.612          564 
    ASN23ND2-HD22    113.236      6.832         -978 
        ASN24N-HN    116.966      8.705        20779 
        ASP25N-HN    118.006      7.225        27385 
        LYS26N-HN    113.114      8.208        21505 
        LYS27N-HN    115.386      7.448        21570 
        ILE28N-HN    116.847      9.720         9519 
        PHE29N-HN    126.869      9.206         8804 
        ALA30N-HN    130.685      8.376        11574 
        ALA31N-HN    120.108      8.706          466 
        SER32N-HN    114.746      8.049        10336 
        ARG33N-HN    124.075      8.338        11260 
        LEU34N-HN    122.180      8.234         6494 
        ASP35N-HN    115.180      8.690         4725 
        ILE36N-HN    119.458      7.063        10356 
        ASP38N-HN    115.142      8.240        15548 
        ALA39N-HN    123.720      8.231        27663 
        TRP40N-HN    123.370      8.003        17569 
     TRP40NE1-HE1    130.245     10.299        86139 
        GLN41N-HN    115.076      9.566         9631 
        MET42N-HN    117.359      8.569        21688 
        GLN44N-HN    119.804      8.161         1287 
        GLY45N-HN    110.308      8.597         4716 
        GLY46N-HN    106.936      8.357        14629 
        ILE47N-HN    118.772      7.401        12000 
        ASP48N-HN    130.406      9.240         9019 
        GLU49N-HN    121.435      8.659        37151 
        GLY50N-HN    114.697      8.952        23464 
        GLU51N-HN    123.328      7.929        32165 
        ASP52N-HN    127.327      8.821        31135 
        ARG54N-HN    117.271      8.537        32210 
        ASN55N-HN    116.896      7.455        23647 
    ASN55ND2-HD21    113.946      8.265         1473 
    ASN55ND2-HD22    113.899      7.045         -285 
        ALA56N-HN    124.510      8.446        17059 
        ALA57N-HN    120.881      8.197        18662 
        ILE58N-HN    118.111      7.564        10108 
        ARG59N-HN    121.372      7.964        13006 
        GLU60N-HN    119.582      9.227        11213 
        LEU61N-HN    118.174      8.166        13509 
        ARG62N-HN    122.100      7.430        11594 
        GLU63N-HN    119.874      9.050         7808 
        GLU64N-HN    112.746      8.406        10413 
        THR65N-HN    128.099      7.362         7635 
        GLY66N-HN    110.613      8.011        16663 
        VAL67N-HN    121.317      7.340        12214 
        THR68N-HN    115.554      8.648         7258 
        SER69N-HN    127.275     10.152        12287 
        ALA70N-HN    125.599      7.682        38311 
        GLU71N-HN    119.630      8.552        25257 
        VAL72N-HN    125.111      8.739        45299 
        ILE73N-HN    125.191      9.117        10842 
        ALA74N-HN    120.088      7.898        20937 
        GLU75N-HN    118.121      8.366        26815 
        VAL76N-HN    128.807      8.449        20006 
        TYR78N-HN    115.735      7.017        55640 
        TRP79N-HN    119.765      9.389         8587 
     TRP79NE1-HE1    106.546     10.514        26732 
        LEU80N-HN    124.859      8.776         8962 
        THR81N-HN    115.235      8.846        13704 
        TYR82N-HN    119.962      8.496         3350 
        ASP83N-HN    125.363      8.638         5484 
        PHE84N-HN    121.026      8.330         5442 
        LYS87N-HN    116.615      8.957         -382 
        VAL88N-HN    120.213      7.309        10057 
        ARG89N-HN    120.566      8.174         8033 
        GLU90N-HN    117.766      8.165         7147 
        LYS91N-HN    119.056      7.487        13563 
        LEU92N-HN    119.940      8.187         3799 
        ASN93N-HN    118.507      8.177        19565 
        ILE94N-HN    119.688      7.723        -1289 
    GLN95NE2-HE21    110.924      7.079        -2428 
    GLN95NE2-HE22    110.926      6.700       -19497 
        GLU95N-HN    120.077      8.023         2245 
     TRP96NE1-HE1    128.507     10.103        54053 
        GLY97N-HN    110.244      8.137        10404 
        SER98N-HN    113.002      7.768         7637 
        ASP99N-HN    120.735      8.149         7311 
       TRP100N-HN    122.397      8.110          861 
    TRP100NE1-HE1    129.545     10.191        51550 
       LYS101N-HN    120.201      8.721         4892 
       GLY102N-HN    129.794      6.930         1534 
       GLN103N-HN    117.907      8.549         7897 
       ALA104N-HN    126.512      9.248        10035 
       GLN105N-HN    121.526     10.129        12169 
       LYS106N-HN    106.557      8.825         5877 
       TRP107N-HN    126.895      8.219         8600 
    TRP107NE1-HE1    128.858     10.318        11070 
       PHE108N-HN    118.464      8.535        10040 
       LEU109N-HN    123.912      8.711        12665 
       PHE110N-HN    127.939      9.921         9283 
       LYS111N-HN    121.503      9.435        15962 
       PHE112N-HN    127.061      9.569        14349 
       THR113N-HN    120.151      8.591        12490 
       GLY114N-HN    107.751      5.139        17771 
       GLN115N-HN    118.168      8.709        26285 
   GLN115NE2-HE21    113.184      7.612          564 
   GLN115NE2-HE22    113.204      6.855         4069 
       ASP116N-HN    122.994      9.199        26657 
       GLN117N-HN    117.399      8.409        20862 
   GLN117NE2-HE21    112.195      7.657         -961 
   GLN117NE2-HE22    112.228      6.965        -1768 
       GLU118N-HN    120.050      8.538        20724 
       ILE119N-HN    117.888      7.324        14385 
       ASN120N-HN    126.880      8.780        18962 
   ASN120ND2-HD21    111.989      7.704         -167 
   ASN120ND2-HD22    112.220      6.882        -1143 
       LEU121N-HN    123.009      9.094        16081 
       LEU122N-HN    117.096      7.891        19919 
       GLY123N-HN    108.559      7.816        47238 
       ASP124N-HN    122.454      8.424        21227 
       GLY125N-HN    109.382      8.567        67278 
       SER126N-HN    117.134      8.501         2578 
       GLU127N-HN    121.292      8.219        70899 
       LYS128N-HN    123.530      8.613        62968 
       GLU130N-HN    121.056      8.501        22449 
       PHE131N-HN    118.559      8.486        14068 
       GLY132N-HN    130.575      8.653         8249 
       GLU133N-HN    119.352      7.401        19884 
       TRP134N-HN    117.744      8.353        17818 
    TRP134NE1-HE1    130.117     10.183        56520 
       SER135N-HN    115.210      9.087        16227 
       TRP136N-HN    122.376      8.002        29381 
    TRP136NE1-HE1    106.539     11.118        29108 
       VAL137N-HN    118.910      9.964        10992 
       THR138N-HN    112.562      8.663        22599 
       GLU140N-HN    114.485      8.386        23678 
       GLN141N-HN    119.726      7.748        10150 
   GLN141NE2-HE21    110.751      7.423         4371 
   GLN141NE2-HE22    110.751      6.753         5471 
       LEU142N-HN    118.527      8.390        13422 
       ILE143N-HN    116.058      7.522         6758 
       ASP144N-HN    117.686      7.286        14972 
       LEU145N-HN    118.277      7.978        11790 
       THR146N-HN    114.449      7.414        14471 
       VAL147N-HN    118.279      7.964         7848 
       GLU148N-HN    124.028      8.832        15056 
       PHE149N-HN    113.305      7.978         5795 
       LYS150N-HN    116.451      7.316         2483 
       LYS151N-HN    120.099      7.420        10649 
       VAL153N-HN    117.610      6.698        13863 
       TYR154N-HN    119.062      8.355         8468 
       LYS155N-HN    118.218      8.596        14801 
       GLU156N-HN    120.167      7.264        15841 
       VAL157N-HN    120.110      8.245         9877 
       LEU158N-HN    115.899      8.376         7982 
       SER159N-HN    114.852      7.539        20312 
       VAL160N-HN    123.944      7.830        16364 
       PHE161N-HN    115.763      7.755        15766 
       ALA162N-HN    123.988      7.387        24054 
       HIS164N-HN    114.721      8.152        20117 
       LEU165N-HN    125.392      7.395        25055 
        SS332N-HN    113.353      7.052        -1270 
        SS345N-HN    112.775      6.865        14550 
        SS346N-HN    112.678      6.838        -2706 
        SS358N-HN    111.682      6.885         -789 
        SS361N-HN    111.037      6.831         -813 
   ASN512ND2-HD22    113.256      6.932         -630 
