      Assignment         w1         w2   Data Height 

         LEU3N-HN    122.454      8.397         -959 
         GLY4N-HN    112.011      8.716       114006 
         SER5N-HN    115.117      8.179       121722 
         MET6N-HN    120.948      8.811        79719 
         ASP7N-HN    122.393      8.750        51711 
         SER8N-HN    113.952      7.840        64302 
        GLU11N-HN    122.194      8.604         7642 
        GLY12N-HN    110.537      9.037        22324 
        TYR13N-HN    118.803      7.535        15600 
        ARG14N-HN    124.929      8.619        22977 
        ARG15N-HN    126.648      9.163         9019 
        ASN16N-HN    124.209      9.605         8424 
     ASN16ND2-HD2    109.163      7.090         2128 
     ASN16ND2-HD2    109.166      6.849        -1285 
        VAL17N-HN    116.755      9.270         7439 
        GLY18N-HN    110.732      8.007        28463 
        ILE19N-HN    122.473      7.981        27990 
        CYS20N-HN    130.028      9.355        20892 
        LEU21N-HN    108.085     10.055         6730 
        MET22N-HN    125.757      9.303        22989 
        ASN23N-HN    122.230      8.622        44454 
    ASN23ND2-HD21    113.184      7.612         2321 
    ASN23ND2-HD22    113.236      6.832        -1005 
        ASN24N-HN    116.966      8.705        33590 
        ASP25N-HN    118.006      7.225        48566 
        LYS26N-HN    113.114      8.208        34010 
        LYS27N-HN    115.386      7.448        35693 
        ILE28N-HN    116.847      9.720        20414 
        PHE29N-HN    126.869      9.206        17295 
        ALA30N-HN    130.685      8.376        19406 
        ALA31N-HN    120.108      8.706         2564 
        SER32N-HN    114.746      8.049        21586 
        ARG33N-HN    124.075      8.338        21429 
        LEU34N-HN    122.180      8.234        10843 
        ASP35N-HN    115.180      8.690         8535 
        ILE36N-HN    119.458      7.063        22839 
        ASP38N-HN    115.142      8.240        27593 
        ALA39N-HN    123.720      8.231        40834 
        TRP40N-HN    123.370      8.003        26082 
     TRP40NE1-HE1    130.245     10.299       137746 
        GLN41N-HN    115.076      9.566        21561 
        MET42N-HN    117.359      8.569        33032 
        GLN44N-HN    119.804      8.161         7823 
        GLY45N-HN    110.308      8.597        10072 
        GLY46N-HN    106.936      8.357        25872 
        ILE47N-HN    118.772      7.401        22819 
        ASP48N-HN    130.406      9.240        16431 
        GLU49N-HN    121.435      8.659        66264 
        GLY50N-HN    114.697      8.952        34762 
        GLU51N-HN    123.328      7.929        51580 
        ASP52N-HN    127.327      8.821        52425 
        ARG54N-HN    117.271      8.537        55316 
        ASN55N-HN    116.896      7.455        34263 
    ASN55ND2-HD21    113.946      8.265         1243 
    ASN55ND2-HD22    113.899      7.045        -4336 
        ALA56N-HN    124.510      8.446        31626 
        ALA57N-HN    120.881      8.197        35456 
        ILE58N-HN    118.111      7.564        17832 
        ARG59N-HN    121.372      7.964        18372 
        GLU60N-HN    119.582      9.227        18328 
        LEU61N-HN    118.174      8.166        23451 
        ARG62N-HN    122.100      7.430        21375 
        GLU63N-HN    119.874      9.050        18780 
        GLU64N-HN    112.746      8.406        23041 
        THR65N-HN    128.099      7.362        17588 
        GLY66N-HN    110.613      8.011        25222 
        VAL67N-HN    121.317      7.340        23137 
        THR68N-HN    115.554      8.648        11864 
        SER69N-HN    127.275     10.152        18948 
        ALA70N-HN    125.599      7.682        64648 
        GLU71N-HN    119.630      8.552        38789 
        VAL72N-HN    125.111      8.739        69585 
        ILE73N-HN    125.191      9.117        22811 
        ALA74N-HN    120.088      7.898        35504 
        GLU75N-HN    118.121      8.366        43177 
        VAL76N-HN    128.807      8.449        27716 
        TYR78N-HN    115.735      7.017        84661 
        TRP79N-HN    119.765      9.389        16371 
     TRP79NE1-HE1    106.546     10.514        40725 
        LEU80N-HN    124.859      8.776        11967 
        THR81N-HN    115.235      8.846        26243 
        TYR82N-HN    119.962      8.496         9960 
        ASP83N-HN    125.363      8.638        12543 
        PHE84N-HN    121.026      8.330        15257 
        LYS87N-HN    116.615      8.957         4105 
        VAL88N-HN    120.213      7.309        13078 
        ARG89N-HN    120.566      8.174        20160 
        GLU90N-HN    117.766      8.165        13208 
        LYS91N-HN    119.056      7.487        19172 
        LEU92N-HN    119.940      8.187        14535 
        ASN93N-HN    118.507      8.177        30092 
        ILE94N-HN    119.688      7.723          970 
    GLN95NE2-HE21    110.924      7.079        -2148 
    GLN95NE2-HE22    110.926      6.700       -11094 
        GLU95N-HN    120.077      8.023         2352 
     TRP96NE1-HE1    128.507     10.103        87875 
        GLY97N-HN    110.244      8.137        19194 
        SER98N-HN    113.002      7.768         9391 
        ASP99N-HN    120.735      8.149         8283 
       TRP100N-HN    122.397      8.110          341 
    TRP100NE1-HE1    129.545     10.191        77726 
       LYS101N-HN    120.201      8.721         9305 
       GLY102N-HN    129.794      6.930        10072 
       GLN103N-HN    117.907      8.549        12885 
       ALA104N-HN    126.512      9.248        15135 
       GLN105N-HN    121.526     10.129        15729 
       LYS106N-HN    106.557      8.825        10334 
       TRP107N-HN    126.895      8.219        13776 
    TRP107NE1-HE1    128.858     10.318        17468 
       PHE108N-HN    118.464      8.535        19202 
       LEU109N-HN    123.912      8.711        25000 
       PHE110N-HN    127.939      9.921        22435 
       LYS111N-HN    121.503      9.435        26260 
       PHE112N-HN    127.061      9.569        28160 
       THR113N-HN    120.151      8.591        20662 
       GLY114N-HN    107.751      5.139        13754 
       GLN115N-HN    118.168      8.709        41953 
   GLN115NE2-HE21    113.184      7.612         2321 
   GLN115NE2-HE22    113.204      6.855         8725 
       ASP116N-HN    122.994      9.199        43694 
       GLN117N-HN    117.399      8.409        39696 
   GLN117NE2-HE21    112.195      7.657        -1419 
   GLN117NE2-HE22    112.228      6.965         2958 
       GLU118N-HN    120.050      8.538        36540 
       ILE119N-HN    117.888      7.324        30974 
       ASN120N-HN    126.880      8.780        27558 
   ASN120ND2-HD21    111.989      7.704        -3640 
   ASN120ND2-HD22    112.220      6.882         4395 
       LEU121N-HN    123.009      9.094        28899 
       LEU122N-HN    117.096      7.891        34278 
       GLY123N-HN    108.559      7.816        76777 
       ASP124N-HN    122.454      8.424        29769 
       GLY125N-HN    109.382      8.567       102144 
       SER126N-HN    117.134      8.501          527 
       GLU127N-HN    121.292      8.219       104449 
       LYS128N-HN    123.530      8.613       102873 
       GLU130N-HN    121.056      8.501        33074 
       PHE131N-HN    118.559      8.486        22020 
       GLY132N-HN    130.575      8.653        12955 
       GLU133N-HN    119.352      7.401        36453 
       TRP134N-HN    117.744      8.353        36829 
    TRP134NE1-HE1    130.117     10.183        85674 
       SER135N-HN    115.210      9.087        29189 
       TRP136N-HN    122.376      8.002        45760 
    TRP136NE1-HE1    106.539     11.118        49233 
       VAL137N-HN    118.910      9.964        20519 
       THR138N-HN    112.562      8.663        39438 
       GLU140N-HN    114.485      8.386        43089 
       GLN141N-HN    119.726      7.748        16324 
   GLN141NE2-HE21    110.751      7.423         4504 
   GLN141NE2-HE22    110.751      6.753        10548 
       LEU142N-HN    118.527      8.390        24947 
       ILE143N-HN    116.058      7.522        17328 
       ASP144N-HN    117.686      7.286        29355 
       LEU145N-HN    118.277      7.978        24904 
       THR146N-HN    114.449      7.414        30291 
       VAL147N-HN    118.279      7.964        12641 
       GLU148N-HN    124.028      8.832        27333 
       PHE149N-HN    113.305      7.978         8451 
       LYS150N-HN    116.451      7.316         5404 
       LYS151N-HN    120.099      7.420        18918 
       VAL153N-HN    117.610      6.698        21837 
       TYR154N-HN    119.062      8.355        14911 
       LYS155N-HN    118.218      8.596        22748 
       GLU156N-HN    120.167      7.264        32709 
       VAL157N-HN    120.110      8.245        21750 
       LEU158N-HN    115.899      8.376        19181 
       SER159N-HN    114.852      7.539        35120 
       VAL160N-HN    123.944      7.830        28901 
       PHE161N-HN    115.763      7.755        29696 
       ALA162N-HN    123.988      7.387        42922 
       HIS164N-HN    114.721      8.152        36393 
       LEU165N-HN    125.392      7.395        45611 
        SS332N-HN    113.353      7.052        -1313 
        SS345N-HN    112.775      6.865        21975 
        SS346N-HN    112.678      6.838        -2922 
        SS358N-HN    111.682      6.885         4806 
        SS361N-HN    111.037      6.831         -228 
   ASN512ND2-HD22    113.256      6.932         1637 
