      Assignment         w1         w2   Data Height 

         LEU3N-HN    122.454      8.397         3909 
         GLY4N-HN    112.011      8.716       407622 
         SER5N-HN    115.117      8.179       472127 
         MET6N-HN    120.948      8.811       356993 
         ASP7N-HN    122.393      8.750       283100 
         SER8N-HN    113.952      7.840       383655 
        GLU11N-HN    122.194      8.604        49764 
        GLY12N-HN    110.537      9.037       168410 
        TYR13N-HN    118.803      7.535       220370 
        ARG14N-HN    124.929      8.619       162432 
        ARG15N-HN    126.648      9.163       147488 
        ASN16N-HN    124.209      9.605       111407 
     ASN16ND2-HD2    109.163      7.090        19492 
     ASN16ND2-HD2    109.166      6.849         2522 
        VAL17N-HN    116.755      9.270       171775 
        GLY18N-HN    110.732      8.007       251532 
        ILE19N-HN    122.473      7.981       258140 
        CYS20N-HN    130.028      9.355       214022 
        LEU21N-HN    108.085     10.055       119310 
        MET22N-HN    125.757      9.303       234472 
        ASN23N-HN    122.230      8.622       351841 
    ASN23ND2-HD21    113.184      7.612       -73108 
    ASN23ND2-HD22    113.236      6.832       -19656 
        ASN24N-HN    116.966      8.705       287847 
        ASP25N-HN    118.006      7.225       420177 
        LYS26N-HN    113.114      8.208       321271 
        LYS27N-HN    115.386      7.448       367184 
        ILE28N-HN    116.847      9.720       205514 
        PHE29N-HN    126.869      9.206       168751 
        ALA30N-HN    130.685      8.376       252171 
        ALA31N-HN    120.108      8.706        42855 
        SER32N-HN    114.746      8.049       226573 
        ARG33N-HN    124.075      8.338       184746 
        LEU34N-HN    122.180      8.234       165537 
        ASP35N-HN    115.180      8.690       134436 
        ILE36N-HN    119.458      7.063       258484 
        ASP38N-HN    115.142      8.240       282067 
        ALA39N-HN    123.720      8.231       348831 
        TRP40N-HN    123.370      8.003       198426 
     TRP40NE1-HE1    130.245     10.299       771078 
        GLN41N-HN    115.076      9.566       218604 
        MET42N-HN    117.359      8.569       244657 
        GLN44N-HN    119.804      8.161        29224 
        GLY45N-HN    110.308      8.597       163668 
        GLY46N-HN    106.936      8.357       208624 
        ILE47N-HN    118.772      7.401       194403 
        ASP48N-HN    130.406      9.240       217217 
        GLU49N-HN    121.435      8.659       503124 
        GLY50N-HN    114.697      8.952       225927 
        GLU51N-HN    123.328      7.929       479745 
        ASP52N-HN    127.327      8.821       378485 
        ARG54N-HN    117.271      8.537       458927 
        ASN55N-HN    116.896      7.455       301642 
    ASN55ND2-HD21    113.946      8.265       -14493 
    ASN55ND2-HD22    113.899      7.045        -1222 
        ALA56N-HN    124.510      8.446       314822 
        ALA57N-HN    120.881      8.197       401083 
        ILE58N-HN    118.111      7.564       203941 
        ARG59N-HN    121.372      7.964       253459 
        GLU60N-HN    119.582      9.227       194035 
        LEU61N-HN    118.174      8.166       278535 
        ARG62N-HN    122.100      7.430       239913 
        GLU63N-HN    119.874      9.050       222056 
        GLU64N-HN    112.746      8.406       215389 
        THR65N-HN    128.099      7.362       148173 
        GLY66N-HN    110.613      8.011       240326 
        VAL67N-HN    121.317      7.340       248453 
        THR68N-HN    115.554      8.648       106591 
        SER69N-HN    127.275     10.152       145766 
        ALA70N-HN    125.599      7.682       495654 
        GLU71N-HN    119.630      8.552       337117 
        VAL72N-HN    125.111      8.739       483063 
        ILE73N-HN    125.191      9.117       165910 
        ALA74N-HN    120.088      7.898       347698 
        GLU75N-HN    118.121      8.366       388075 
        VAL76N-HN    128.807      8.449       229580 
        TYR78N-HN    115.735      7.017       473068 
        TRP79N-HN    119.765      9.389       159609 
     TRP79NE1-HE1    106.546     10.514       336123 
        LEU80N-HN    124.859      8.776       140870 
        THR81N-HN    115.235      8.846       220772 
        TYR82N-HN    119.962      8.496       115946 
        ASP83N-HN    125.363      8.638       169673 
        PHE84N-HN    121.026      8.330       144426 
        LYS87N-HN    116.615      8.957        85440 
        VAL88N-HN    120.213      7.309       141060 
        ARG89N-HN    120.566      8.174       206689 
        GLU90N-HN    117.766      8.165       210822 
        LYS91N-HN    119.056      7.487       192033 
        LEU92N-HN    119.940      8.187       188499 
        ASN93N-HN    118.507      8.177       293100 
        ILE94N-HN    119.688      7.723        64916 
    GLN95NE2-HE21    110.924      7.079        92460 
    GLN95NE2-HE22    110.926      6.700       221353 
        GLU95N-HN    120.077      8.023        42737 
     TRP96NE1-HE1    128.507     10.103       485081 
        GLY97N-HN    110.244      8.137       140755 
        SER98N-HN    113.002      7.768       106277 
        ASP99N-HN    120.735      8.149        74555 
       TRP100N-HN    122.397      8.110        39655 
    TRP100NE1-HE1    129.545     10.191       434912 
       LYS101N-HN    120.201      8.721       172747 
       GLY102N-HN    129.794      6.930       121481 
       GLN103N-HN    117.907      8.549       153276 
       ALA104N-HN    126.512      9.248       151408 
       GLN105N-HN    121.526     10.129       155860 
       LYS106N-HN    106.557      8.825       140499 
       TRP107N-HN    126.895      8.219       114350 
    TRP107NE1-HE1    128.858     10.318       164817 
       PHE108N-HN    118.464      8.535       197012 
       LEU109N-HN    123.912      8.711       234465 
       PHE110N-HN    127.939      9.921       191453 
       LYS111N-HN    121.503      9.435       266607 
       PHE112N-HN    127.061      9.569       234765 
       THR113N-HN    120.151      8.591       216657 
       GLY114N-HN    107.751      5.139       171593 
       GLN115N-HN    118.168      8.709       378222 
   GLN115NE2-HE21    113.184      7.612       -73108 
   GLN115NE2-HE22    113.204      6.855      -127198 
       ASP116N-HN    122.994      9.199       414898 
       GLN117N-HN    117.399      8.409       496079 
   GLN117NE2-HE21    112.195      7.657        10984 
   GLN117NE2-HE22    112.228      6.965         4424 
       GLU118N-HN    120.050      8.538       397748 
       ILE119N-HN    117.888      7.324       334265 
       ASN120N-HN    126.880      8.780       274207 
   ASN120ND2-HD21    111.989      7.704        13867 
   ASN120ND2-HD22    112.220      6.882         9346 
       LEU121N-HN    123.009      9.094       261331 
       LEU122N-HN    117.096      7.891       379907 
       GLY123N-HN    108.559      7.816       496624 
       ASP124N-HN    122.454      8.424       124813 
       GLY125N-HN    109.382      8.567       541711 
       SER126N-HN    117.134      8.501        20346 
       GLU127N-HN    121.292      8.219       651227 
       LYS128N-HN    123.530      8.613       582587 
       GLU130N-HN    121.056      8.501       258760 
       PHE131N-HN    118.559      8.486       228565 
       GLY132N-HN    130.575      8.653       161368 
       GLU133N-HN    119.352      7.401       324717 
       TRP134N-HN    117.744      8.353       401692 
    TRP134NE1-HE1    130.117     10.183       637476 
       SER135N-HN    115.210      9.087       278698 
       TRP136N-HN    122.376      8.002       406674 
    TRP136NE1-HE1    106.539     11.118       410944 
       VAL137N-HN    118.910      9.964       211325 
       THR138N-HN    112.562      8.663       315391 
       GLU140N-HN    114.485      8.386       405257 
       GLN141N-HN    119.726      7.748       216288 
   GLN141NE2-HE21    110.751      7.423        61607 
   GLN141NE2-HE22    110.751      6.753        98444 
       LEU142N-HN    118.527      8.390       284775 
       ILE143N-HN    116.058      7.522       246052 
       ASP144N-HN    117.686      7.286       328971 
       LEU145N-HN    118.277      7.978       255611 
       THR146N-HN    114.449      7.414       291105 
       VAL147N-HN    118.279      7.964       134567 
       GLU148N-HN    124.028      8.832       248738 
       PHE149N-HN    113.305      7.978       119848 
       LYS150N-HN    116.451      7.316       130714 
       LYS151N-HN    120.099      7.420       198165 
       VAL153N-HN    117.610      6.698       198760 
       TYR154N-HN    119.062      8.355       156546 
       LYS155N-HN    118.218      8.596       281933 
       GLU156N-HN    120.167      7.264       304167 
       VAL157N-HN    120.110      8.245       233069 
       LEU158N-HN    115.899      8.376       222760 
       SER159N-HN    114.852      7.539       329672 
       VAL160N-HN    123.944      7.830       282103 
       PHE161N-HN    115.763      7.755       284698 
       ALA162N-HN    123.988      7.387       433008 
       HIS164N-HN    114.721      8.152       341476 
       LEU165N-HN    125.392      7.395       365247 
        SS332N-HN    113.353      7.052        -1994 
        SS345N-HN    112.775      6.865        46591 
        SS346N-HN    112.678      6.838        -2123 
        SS358N-HN    111.682      6.885        39003 
        SS361N-HN    111.037      6.831        13211 
   ASN512ND2-HD22    113.256      6.932         2150 
