      Assignment         w1         w2   Data Height 

         LEU3N-HN    122.454      8.397         -871 
         GLY4N-HN    112.011      8.716        79456 
         SER5N-HN    115.117      8.179        85254 
         MET6N-HN    120.948      8.811        58908 
         ASP7N-HN    122.393      8.750        38585 
         SER8N-HN    113.952      7.840        36558 
        GLU11N-HN    122.194      8.604          268 
        GLY12N-HN    110.537      9.037        13993 
        TYR13N-HN    118.803      7.535        11067 
        ARG14N-HN    124.929      8.619        10439 
        ARG15N-HN    126.648      9.163         7081 
        ASN16N-HN    124.209      9.605         5449 
     ASN16ND2-HD2    109.163      7.090        -3964 
     ASN16ND2-HD2    109.166      6.849         4709 
        VAL17N-HN    116.755      9.270         5334 
        GLY18N-HN    110.732      8.007        13615 
        ILE19N-HN    122.473      7.981        14376 
        CYS20N-HN    130.028      9.355         9618 
        LEU21N-HN    108.085     10.055         8388 
        MET22N-HN    125.757      9.303        12212 
        ASN23N-HN    122.230      8.622        23150 
    ASN23ND2-HD21    113.184      7.612          626 
    ASN23ND2-HD22    113.236      6.832         2703 
        ASN24N-HN    116.966      8.705        19224 
        ASP25N-HN    118.006      7.225        26201 
        LYS26N-HN    113.114      8.208        22891 
        LYS27N-HN    115.386      7.448        23926 
        ILE28N-HN    116.847      9.720        10540 
        PHE29N-HN    126.869      9.206        11997 
        ALA30N-HN    130.685      8.376        12959 
        ALA31N-HN    120.108      8.706         5627 
        SER32N-HN    114.746      8.049         8786 
        ARG33N-HN    124.075      8.338         8702 
        LEU34N-HN    122.180      8.234         6388 
        ASP35N-HN    115.180      8.690         8233 
        ILE36N-HN    119.458      7.063        10620 
        ASP38N-HN    115.142      8.240        13798 
        ALA39N-HN    123.720      8.231        28296 
        TRP40N-HN    123.370      8.003        18920 
     TRP40NE1-HE1    130.245     10.299        86079 
        GLN41N-HN    115.076      9.566        11470 
        MET42N-HN    117.359      8.569        25804 
        GLN44N-HN    119.804      8.161         3344 
        GLY45N-HN    110.308      8.597         3638 
        GLY46N-HN    106.936      8.357        14221 
        ILE47N-HN    118.772      7.401        16096 
        ASP48N-HN    130.406      9.240         9707 
        GLU49N-HN    121.435      8.659        39245 
        GLY50N-HN    114.697      8.952        23881 
        GLU51N-HN    123.328      7.929        25612 
        ASP52N-HN    127.327      8.821        28861 
        ARG54N-HN    117.271      8.537        29801 
        ASN55N-HN    116.896      7.455        17650 
    ASN55ND2-HD21    113.946      8.265         1973 
    ASN55ND2-HD22    113.899      7.045        -2152 
        ALA56N-HN    124.510      8.446        18917 
        ALA57N-HN    120.881      8.197        22498 
        ILE58N-HN    118.111      7.564        14196 
        ARG59N-HN    121.372      7.964        14637 
        GLU60N-HN    119.582      9.227        11339 
        LEU61N-HN    118.174      8.166        13232 
        ARG62N-HN    122.100      7.430        13717 
        GLU63N-HN    119.874      9.050        10576 
        GLU64N-HN    112.746      8.406        13307 
        THR65N-HN    128.099      7.362         5320 
        GLY66N-HN    110.613      8.011        12726 
        VAL67N-HN    121.317      7.340        10571 
        THR68N-HN    115.554      8.648         2689 
        SER69N-HN    127.275     10.152         8887 
        ALA70N-HN    125.599      7.682        43344 
        GLU71N-HN    119.630      8.552        23055 
        VAL72N-HN    125.111      8.739        40263 
        ILE73N-HN    125.191      9.117        14768 
        ALA74N-HN    120.088      7.898        18115 
        GLU75N-HN    118.121      8.366        26289 
        VAL76N-HN    128.807      8.449        18313 
        TYR78N-HN    115.735      7.017        55037 
        TRP79N-HN    119.765      9.389        11263 
     TRP79NE1-HE1    106.546     10.514        29458 
        LEU80N-HN    124.859      8.776         8859 
        THR81N-HN    115.235      8.846        13416 
        TYR82N-HN    119.962      8.496         1661 
        ASP83N-HN    125.363      8.638         7120 
        PHE84N-HN    121.026      8.330         6303 
        LYS87N-HN    116.615      8.957         -306 
        VAL88N-HN    120.213      7.309        11323 
        ARG89N-HN    120.566      8.174         9741 
        GLU90N-HN    117.766      8.165         3238 
        LYS91N-HN    119.056      7.487        13831 
        LEU92N-HN    119.940      8.187         8478 
        ASN93N-HN    118.507      8.177        19942 
        ILE94N-HN    119.688      7.723          782 
    GLN95NE2-HE21    110.924      7.079        -8922 
    GLN95NE2-HE22    110.926      6.700       -16056 
        GLU95N-HN    120.077      8.023         3893 
     TRP96NE1-HE1    128.507     10.103        55002 
        GLY97N-HN    110.244      8.137        12505 
        SER98N-HN    113.002      7.768         3471 
        ASP99N-HN    120.735      8.149         3123 
       TRP100N-HN    122.397      8.110         2003 
    TRP100NE1-HE1    129.545     10.191        50540 
       LYS101N-HN    120.201      8.721         8983 
       GLY102N-HN    129.794      6.930         8172 
       GLN103N-HN    117.907      8.549         8589 
       ALA104N-HN    126.512      9.248         8310 
       GLN105N-HN    121.526     10.129         9514 
       LYS106N-HN    106.557      8.825         9230 
       TRP107N-HN    126.895      8.219        11238 
    TRP107NE1-HE1    128.858     10.318        16674 
       PHE108N-HN    118.464      8.535        13939 
       LEU109N-HN    123.912      8.711        11370 
       PHE110N-HN    127.939      9.921        12697 
       LYS111N-HN    121.503      9.435        20274 
       PHE112N-HN    127.061      9.569        17289 
       THR113N-HN    120.151      8.591        10435 
       GLY114N-HN    107.751      5.139        14230 
       GLN115N-HN    118.168      8.709        27412 
   GLN115NE2-HE21    113.184      7.612          626 
   GLN115NE2-HE22    113.204      6.855         1445 
       ASP116N-HN    122.994      9.199        26457 
       GLN117N-HN    117.399      8.409        25906 
   GLN117NE2-HE21    112.195      7.657         -217 
   GLN117NE2-HE22    112.228      6.965         1277 
       GLU118N-HN    120.050      8.538        19101 
       ILE119N-HN    117.888      7.324        12989 
       ASN120N-HN    126.880      8.780        16577 
   ASN120ND2-HD21    111.989      7.704          324 
   ASN120ND2-HD22    112.220      6.882           31 
       LEU121N-HN    123.009      9.094        15586 
       LEU122N-HN    117.096      7.891        17742 
       GLY123N-HN    108.559      7.816        47737 
       ASP124N-HN    122.454      8.424        21671 
       GLY125N-HN    109.382      8.567        70934 
       SER126N-HN    117.134      8.501         1603 
       GLU127N-HN    121.292      8.219        68222 
       LYS128N-HN    123.530      8.613        64267 
       GLU130N-HN    121.056      8.501        18882 
       PHE131N-HN    118.559      8.486        15324 
       GLY132N-HN    130.575      8.653         6351 
       GLU133N-HN    119.352      7.401        19444 
       TRP134N-HN    117.744      8.353        17894 
    TRP134NE1-HE1    130.117     10.183        58701 
       SER135N-HN    115.210      9.087        18166 
       TRP136N-HN    122.376      8.002        27875 
    TRP136NE1-HE1    106.539     11.118        25297 
       VAL137N-HN    118.910      9.964        14960 
       THR138N-HN    112.562      8.663        20003 
       GLU140N-HN    114.485      8.386        25745 
       GLN141N-HN    119.726      7.748         8126 
   GLN141NE2-HE21    110.751      7.423         7218 
   GLN141NE2-HE22    110.751      6.753         5779 
       LEU142N-HN    118.527      8.390        12594 
       ILE143N-HN    116.058      7.522        10172 
       ASP144N-HN    117.686      7.286        14329 
       LEU145N-HN    118.277      7.978        13248 
       THR146N-HN    114.449      7.414        15086 
       VAL147N-HN    118.279      7.964         4126 
       GLU148N-HN    124.028      8.832        14647 
       PHE149N-HN    113.305      7.978         5058 
       LYS150N-HN    116.451      7.316         3905 
       LYS151N-HN    120.099      7.420        10565 
       VAL153N-HN    117.610      6.698        13046 
       TYR154N-HN    119.062      8.355         7449 
       LYS155N-HN    118.218      8.596         9707 
       GLU156N-HN    120.167      7.264         8927 
       VAL157N-HN    120.110      8.245        13134 
       LEU158N-HN    115.899      8.376        11147 
       SER159N-HN    114.852      7.539        22663 
       VAL160N-HN    123.944      7.830        18880 
       PHE161N-HN    115.763      7.755        16512 
       ALA162N-HN    123.988      7.387        25379 
       HIS164N-HN    114.721      8.152        19291 
       LEU165N-HN    125.392      7.395        29652 
        SS332N-HN    113.353      7.052          739 
        SS345N-HN    112.775      6.865        11318 
        SS346N-HN    112.678      6.838        -1555 
        SS358N-HN    111.682      6.885         3942 
        SS361N-HN    111.037      6.831        -1439 
   ASN512ND2-HD22    113.256      6.932         2051 
