      Assignment         w1         w2   Data Height 

         LEU3N-HN    122.454      8.397        -1257 
         GLY4N-HN    112.011      8.716       249049 
         SER5N-HN    115.117      8.179       286184 
         MET6N-HN    120.948      8.811       204184 
         ASP7N-HN    122.393      8.750       151225 
         SER8N-HN    113.952      7.840       194074 
        GLU11N-HN    122.194      8.604        24850 
        GLY12N-HN    110.537      9.037        81385 
        TYR13N-HN    118.803      7.535        87236 
        ARG14N-HN    124.929      8.619        64151 
        ARG15N-HN    126.648      9.163        55147 
        ASN16N-HN    124.209      9.605        45040 
     ASN16ND2-HD2    109.163      7.090         2035 
     ASN16ND2-HD2    109.166      6.849         1200 
        VAL17N-HN    116.755      9.270        73128 
        GLY18N-HN    110.732      8.007       114926 
        ILE19N-HN    122.473      7.981       105534 
        CYS20N-HN    130.028      9.355        87090 
        LEU21N-HN    108.085     10.055        47844 
        MET22N-HN    125.757      9.303       101167 
        ASN23N-HN    122.230      8.622       156497 
    ASN23ND2-HD21    113.184      7.612        11708 
    ASN23ND2-HD22    113.236      6.832         6669 
        ASN24N-HN    116.966      8.705       129131 
        ASP25N-HN    118.006      7.225       185622 
        LYS26N-HN    113.114      8.208       146845 
        LYS27N-HN    115.386      7.448       157002 
        ILE28N-HN    116.847      9.720        86843 
        PHE29N-HN    126.869      9.206        76040 
        ALA30N-HN    130.685      8.376        97136 
        ALA31N-HN    120.108      8.706        17058 
        SER32N-HN    114.746      8.049        92524 
        ARG33N-HN    124.075      8.338        79491 
        LEU34N-HN    122.180      8.234        60493 
        ASP35N-HN    115.180      8.690        52294 
        ILE36N-HN    119.458      7.063        95509 
        ASP38N-HN    115.142      8.240       116550 
        ALA39N-HN    123.720      8.231       157328 
        TRP40N-HN    123.370      8.003        93901 
     TRP40NE1-HE1    130.245     10.299       399962 
        GLN41N-HN    115.076      9.566        90801 
        MET42N-HN    117.359      8.569       124463 
        GLN44N-HN    119.804      8.161        11206 
        GLY45N-HN    110.308      8.597        57288 
        GLY46N-HN    106.936      8.357        92240 
        ILE47N-HN    118.772      7.401        85097 
        ASP48N-HN    130.406      9.240        85126 
        GLU49N-HN    121.435      8.659       235009 
        GLY50N-HN    114.697      8.952       109513 
        GLU51N-HN    123.328      7.929       208960 
        ASP52N-HN    127.327      8.821       172422 
        ARG54N-HN    117.271      8.537       200686 
        ASN55N-HN    116.896      7.455       131502 
    ASN55ND2-HD21    113.946      8.265         6140 
    ASN55ND2-HD22    113.899      7.045         3233 
        ALA56N-HN    124.510      8.446       131736 
        ALA57N-HN    120.881      8.197       164121 
        ILE58N-HN    118.111      7.564        87088 
        ARG59N-HN    121.372      7.964       101742 
        GLU60N-HN    119.582      9.227        76487 
        LEU61N-HN    118.174      8.166       111806 
        ARG62N-HN    122.100      7.430        99255 
        GLU63N-HN    119.874      9.050        87224 
        GLU64N-HN    112.746      8.406        90252 
        THR65N-HN    128.099      7.362        60725 
        GLY66N-HN    110.613      8.011       105062 
        VAL67N-HN    121.317      7.340       102669 
        THR68N-HN    115.554      8.648        46781 
        SER69N-HN    127.275     10.152        66631 
        ALA70N-HN    125.599      7.682       239777 
        GLU71N-HN    119.630      8.552       152138 
        VAL72N-HN    125.111      8.739       233465 
        ILE73N-HN    125.191      9.117        70486 
        ALA74N-HN    120.088      7.898       150844 
        GLU75N-HN    118.121      8.366       167551 
        VAL76N-HN    128.807      8.449       101558 
        TYR78N-HN    115.735      7.017       251431 
        TRP79N-HN    119.765      9.389        66980 
     TRP79NE1-HE1    106.546     10.514       160901 
        LEU80N-HN    124.859      8.776        64495 
        THR81N-HN    115.235      8.846        94538 
        TYR82N-HN    119.962      8.496        44275 
        ASP83N-HN    125.363      8.638        57847 
        PHE84N-HN    121.026      8.330        62467 
        LYS87N-HN    116.615      8.957        28551 
        VAL88N-HN    120.213      7.309        62553 
        ARG89N-HN    120.566      8.174        78604 
        GLU90N-HN    117.766      8.165        73136 
        LYS91N-HN    119.056      7.487        82549 
        LEU92N-HN    119.940      8.187        74089 
        ASN93N-HN    118.507      8.177       128653 
        ILE94N-HN    119.688      7.723        19539 
    GLN95NE2-HE21    110.924      7.079       -43070 
    GLN95NE2-HE22    110.926      6.700       -87345 
        GLU95N-HN    120.077      8.023         9341 
     TRP96NE1-HE1    128.507     10.103       249262 
        GLY97N-HN    110.244      8.137        69682 
        SER98N-HN    113.002      7.768        43575 
        ASP99N-HN    120.735      8.149        30466 
       TRP100N-HN    122.397      8.110         7971 
    TRP100NE1-HE1    129.545     10.191       224881 
       LYS101N-HN    120.201      8.721        70673 
       GLY102N-HN    129.794      6.930        47291 
       GLN103N-HN    117.907      8.549        64728 
       ALA104N-HN    126.512      9.248        61729 
       GLN105N-HN    121.526     10.129        65278 
       LYS106N-HN    106.557      8.825        59530 
       TRP107N-HN    126.895      8.219        53149 
    TRP107NE1-HE1    128.858     10.318        78188 
       PHE108N-HN    118.464      8.535        85413 
       LEU109N-HN    123.912      8.711       104148 
       PHE110N-HN    127.939      9.921        87071 
       LYS111N-HN    121.503      9.435       116014 
       PHE112N-HN    127.061      9.569       106858 
       THR113N-HN    120.151      8.591        89393 
       GLY114N-HN    107.751      5.139        77761 
       GLN115N-HN    118.168      8.709       170126 
   GLN115NE2-HE21    113.184      7.612        11708 
   GLN115NE2-HE22    113.204      6.855        18609 
       ASP116N-HN    122.994      9.199       181039 
       GLN117N-HN    117.399      8.409       197935 
   GLN117NE2-HE21    112.195      7.657        -7579 
   GLN117NE2-HE22    112.228      6.965        -5530 
       GLU118N-HN    120.050      8.538       161934 
       ILE119N-HN    117.888      7.324       132496 
       ASN120N-HN    126.880      8.780       123464 
   ASN120ND2-HD21    111.989      7.704        -1196 
   ASN120ND2-HD22    112.220      6.882         4006 
       LEU121N-HN    123.009      9.094       116695 
       LEU122N-HN    117.096      7.891       152677 
       GLY123N-HN    108.559      7.816       249090 
       ASP124N-HN    122.454      8.424        76596 
       GLY125N-HN    109.382      8.567       289429 
       SER126N-HN    117.134      8.501         9701 
       GLU127N-HN    121.292      8.219       329293 
       LYS128N-HN    123.530      8.613       297383 
       GLU130N-HN    121.056      8.501       116122 
       PHE131N-HN    118.559      8.486        97389 
       GLY132N-HN    130.575      8.653        64469 
       GLU133N-HN    119.352      7.401       144087 
       TRP134N-HN    117.744      8.353       160328 
    TRP134NE1-HE1    130.117     10.183       308134 
       SER135N-HN    115.210      9.087       113443 
       TRP136N-HN    122.376      8.002       186262 
    TRP136NE1-HE1    106.539     11.118       188147 
       VAL137N-HN    118.910      9.964        90139 
       THR138N-HN    112.562      8.663       136352 
       GLU140N-HN    114.485      8.386       171998 
       GLN141N-HN    119.726      7.748        76016 
   GLN141NE2-HE21    110.751      7.423       -31320 
   GLN141NE2-HE22    110.751      6.753       -46720 
       LEU142N-HN    118.527      8.390       115657 
       ILE143N-HN    116.058      7.522        97566 
       ASP144N-HN    117.686      7.286       134404 
       LEU145N-HN    118.277      7.978       105526 
       THR146N-HN    114.449      7.414       128307 
       VAL147N-HN    118.279      7.964        52724 
       GLU148N-HN    124.028      8.832       110023 
       PHE149N-HN    113.305      7.978        47452 
       LYS150N-HN    116.451      7.316        44702 
       LYS151N-HN    120.099      7.420        78586 
       VAL153N-HN    117.610      6.698        89410 
       TYR154N-HN    119.062      8.355        63361 
       LYS155N-HN    118.218      8.596       114853 
       GLU156N-HN    120.167      7.264       117472 
       VAL157N-HN    120.110      8.245        96236 
       LEU158N-HN    115.899      8.376        88434 
       SER159N-HN    114.852      7.539       139391 
       VAL160N-HN    123.944      7.830       122070 
       PHE161N-HN    115.763      7.755       120404 
       ALA162N-HN    123.988      7.387       179701 
       HIS164N-HN    114.721      8.152       146580 
       LEU165N-HN    125.392      7.395       164406 
        SS332N-HN    113.353      7.052        -5144 
        SS345N-HN    112.775      6.865        38371 
        SS346N-HN    112.678      6.838         1262 
        SS358N-HN    111.682      6.885        17984 
        SS361N-HN    111.037      6.831        -6476 
   ASN512ND2-HD22    113.256      6.932           97 
