      Assignment         w1         w2   Data Height 

         LEU3N-HN    122.454      8.397         8100 
         GLY4N-HN    111.989      8.713       128550 
         SER5N-HN    115.094      8.178       145939 
         MET6N-HN    120.920      8.811       116774 
         ASP7N-HN    122.370      8.748       100286 
         SER8N-HN    113.928      7.840       133748 
        GLU11N-HN    122.194      8.604        30180 
        GLY12N-HN    110.519      9.035        66692 
        TYR13N-HN    118.778      7.534        88333 
        ARG14N-HN    124.904      8.617        63223 
        ARG15N-HN    126.613      9.161        64764 
        ASN16N-HN    124.185      9.601        41196 
     ASN16ND2-HD2    109.163      7.090         -400 
     ASN16ND2-HD2    109.166      6.849         -681 
        VAL17N-HN    116.730      9.267        70011 
        GLY18N-HN    110.741      8.008        98474 
        ILE19N-HN    122.480      7.994        90679 
        CYS20N-HN    130.003      9.351        87408 
        LEU21N-HN    133.031     10.053        56634 
        MET22N-HN    125.737      9.301        87605 
        ASN23N-HN    122.230      8.622       137544 
    ASN23ND2-HD21    113.184      7.612          149 
    ASN23ND2-HD22    113.236      6.832         3481 
        ASN24N-HN    116.941      8.704        99356 
        ASP25N-HN    117.989      7.225       150660 
        LYS26N-HN    113.090      8.207       113814 
        LYS27N-HN    115.362      7.448       125809 
        ILE28N-HN    116.825      9.716        68010 
        PHE29N-HN    126.850      9.205        73465 
        ALA30N-HN    130.657      8.374        94523 
        ALA31N-HN    120.108      8.706        18090 
        SER32N-HN    114.729      8.050        81327 
        ARG33N-HN    124.049      8.336        67953 
        LEU34N-HN    122.144      8.230        65629 
        ASP35N-HN    115.166      8.689        56443 
        ILE36N-HN    119.431      7.066        94636 
        ASP38N-HN    115.130      8.239        93497 
        ALA39N-HN    123.691      8.230       112609 
        TRP40N-HN    123.346      8.003        66100 
     TRP40NE1-HE1    130.220     10.294       234287 
        GLN41N-HN    115.064      9.566        82236 
        MET42N-HN    117.359      8.569        84279 
        GLN44N-HN    119.804      8.161        13325 
        GLY45N-HN    110.284      8.598        67824 
        GLY46N-HN    106.918      8.357        93476 
        ILE47N-HN    118.744      7.402        78407 
        ASP48N-HN    130.389      9.239        80959 
        GLU49N-HN    121.412      8.657       163344 
        GLY50N-HN    114.669      8.950        77236 
        GLU51N-HN    123.304      7.928       162367 
        ASP52N-HN    127.300      8.820       120286 
        ARG54N-HN    117.271      8.537       147542 
        ASN55N-HN    116.876      7.456       112429 
    ASN55ND2-HD21    113.946      8.265        -2664 
    ASN55ND2-HD22    113.899      7.045         4090 
        ALA56N-HN    124.485      8.444       105977 
        ALA57N-HN    120.856      8.198       147155 
        ILE58N-HN    118.091      7.564        87703 
        ARG59N-HN    121.350      7.963       103191 
        GLU60N-HN    119.560      9.226        85143 
        LEU61N-HN    118.153      8.166       111715 
        ARG62N-HN    122.073      7.429       104829 
        GLU63N-HN    119.855      9.050        87026 
        GLU64N-HN    112.717      8.405        86988 
        THR65N-HN    103.100      7.363        61529 
        GLY66N-HN    110.620      8.011        96356 
        VAL67N-HN    121.297      7.341        92381 
        THR68N-HN    115.534      8.648        49030 
        SER69N-HN    127.249     10.148        60965 
        ALA70N-HN    125.577      7.682       183538 
        GLU71N-HN    119.603      8.552       110275 
        VAL72N-HN    125.090      8.738       150719 
        ILE73N-HN    125.167      9.115        61869 
        ALA74N-HN    120.065      7.899       129531 
        GLU75N-HN    118.098      8.366       129998 
        VAL76N-HN    128.768      8.448        82637 
        TYR78N-HN    115.713      7.017       147325 
        TRP79N-HN    119.745      9.387        68619 
     TRP79NE1-HE1    131.497     10.511       116521 
        LEU80N-HN    124.844      8.777        61124 
        THR81N-HN    115.216      8.845        79579 
        TYR82N-HN    119.962      8.496        42814 
        ASP83N-HN    125.347      8.635        67179 
        PHE84N-HN    120.998      8.332        60800 
        LYS87N-HN    116.598      8.956        37095 
        VAL88N-HN    120.186      7.310        58932 
        ARG89N-HN    120.543      8.173        74916 
        GLU90N-HN    117.745      8.165        80201 
        LYS91N-HN    119.035      7.490        80667 
        LEU92N-HN    119.940      8.187        88070 
        ASN93N-HN    118.483      8.175       117273 
        ILE94N-HN    119.688      7.723        28755 
    GLN95NE2-HE21    110.924      7.079        -3414 
    GLN95NE2-HE22    110.926      6.700         4402 
        GLU95N-HN    120.137      8.013        22569 
     TRP96NE1-HE1    128.483     10.099       157402 
        GLY97N-HN    110.216      8.135        64166 
        SER98N-HN    112.998      7.770        52802 
        ASP99N-HN    120.735      8.149        31027 
       TRP100N-HN    122.362      8.113        24931 
    TRP100NE1-HE1    129.522     10.188       155445 
       LYS101N-HN    120.201      8.721        70455 
       GLY102N-HN    104.807      6.930        50699 
       GLN103N-HN    117.892      8.547        60290 
       ALA104N-HN    126.495      9.247        60031 
       GLN105N-HN    121.499     10.125        61235 
       LYS106N-HN    131.510      8.823        56124 
       TRP107N-HN    126.876      8.217        49952 
    TRP107NE1-HE1    128.836     10.315        62036 
       PHE108N-HN    118.433      8.534        73407 
       LEU109N-HN    123.892      8.706        85936 
       PHE110N-HN    127.912      9.918        72958 
       LYS111N-HN    121.489      9.431        93108 
       PHE112N-HN    127.048      9.566        90678 
       THR113N-HN    120.126      8.590        82446 
       GLY114N-HN    107.712      5.142        73708 
       GLN115N-HN    118.143      8.705       125426 
   GLN115NE2-HE21    113.184      7.612          149 
   GLN115NE2-HE22    113.204      6.855         8625 
       ASP116N-HN    122.968      9.197       127399 
       GLN117N-HN    117.371      8.409       175052 
   GLN117NE2-HE21    112.195      7.657          778 
   GLN117NE2-HE22    112.228      6.965        -1224 
       GLU118N-HN    120.029      8.538       142429 
       ILE119N-HN    117.869      7.325       126223 
       ASN120N-HN    126.859      8.780       103864 
   ASN120ND2-HD21    111.989      7.704         5662 
   ASN120ND2-HD22    112.220      6.882         3963 
       LEU121N-HN    122.987      9.092        84836 
       LEU122N-HN    117.079      7.891       123106 
       GLY123N-HN    108.536      7.817       168273 
       ASP124N-HN    122.454      8.424        46998 
       GLY125N-HN    109.362      8.567       180201 
       SER126N-HN    117.134      8.501         9729 
       GLU127N-HN    121.267      8.218       197884 
       LYS128N-HN    123.504      8.611       153846 
       GLU130N-HN    121.028      8.501        85882 
       PHE131N-HN    118.536      8.482        91457 
       GLY132N-HN    105.584      8.652        58530 
       GLU133N-HN    119.336      7.402       121840 
       TRP134N-HN    117.722      8.352       133081 
    TRP134NE1-HE1    130.093     10.180       201352 
       SER135N-HN    115.189      9.086        95091 
       TRP136N-HN    122.372      8.002       140948 
    TRP136NE1-HE1    131.489     11.116       137625 
       VAL137N-HN    118.892      9.960        79711 
       THR138N-HN    112.541      8.662       102708 
       GLU140N-HN    114.464      8.386       127375 
       GLN141N-HN    119.726      7.748        84680 
   GLN141NE2-HE21    110.751      7.423         4839 
   GLN141NE2-HE22    110.751      6.753         1407 
       LEU142N-HN    118.505      8.388       102738 
       ILE143N-HN    116.043      7.523        83618 
       ASP144N-HN    117.666      7.287       121376 
       LEU145N-HN    118.277      7.978        99236 
       THR146N-HN    114.427      7.414        95276 
       VAL147N-HN    118.279      7.964        50710 
       GLU148N-HN    123.998      8.833        81041 
       PHE149N-HN    113.279      7.975        53475 
       LYS150N-HN    116.425      7.316        51043 
       LYS151N-HN    120.079      7.421        75088 
       VAL153N-HN    117.587      6.699        75952 
       TYR154N-HN    119.044      8.355        63695 
       LYS155N-HN    118.203      8.595        93142 
       GLU156N-HN    120.149      7.266       114158 
       VAL157N-HN    120.090      8.246        85102 
       LEU158N-HN    115.872      8.376        68608 
       SER159N-HN    114.829      7.540       106652 
       VAL160N-HN    123.922      7.829        95964 
       PHE161N-HN    115.743      7.755        97266 
       ALA162N-HN    123.963      7.388       146451 
       HIS164N-HN    114.691      8.152       115190 
       LEU165N-HN    125.370      7.396       131413 
        SS332N-HN    113.353      7.052         1572 
        SS345N-HN    112.775      6.865        14073 
        SS346N-HN    112.678      6.838         3112 
        SS358N-HN    111.682      6.885        10327 
        SS361N-HN    111.037      6.831        -6090 
   ASN512ND2-HD22    113.256      6.932        -2599 
