      Assignment         w1         w2   Data Height 

         LEU3N-HN    122.454      8.397          217 
         GLY4N-HN    111.989      8.713        15840 
         SER5N-HN    115.094      8.178        61285 
         MET6N-HN    120.920      8.811        52335 
         ASP7N-HN    122.370      8.748        60778 
         SER8N-HN    113.928      7.840        85501 
        GLU11N-HN    122.194      8.604        24907 
        GLY12N-HN    110.519      9.035        62337 
        TYR13N-HN    118.778      7.534        78321 
        ARG14N-HN    124.904      8.617        53889 
        ARG15N-HN    126.613      9.161        47088 
        ASN16N-HN    124.185      9.601        44161 
     ASN16ND2-HD2    109.163      7.090         1204 
     ASN16ND2-HD2    109.166      6.849        -1087 
        VAL17N-HN    116.730      9.267        55573 
        GLY18N-HN    110.741      8.008        90830 
        ILE19N-HN    122.480      7.994        82499 
        CYS20N-HN    130.003      9.351        74449 
        LEU21N-HN    133.031     10.053        47506 
        MET22N-HN    125.737      9.301        81823 
        ASN23N-HN    122.230      8.622       105777 
    ASN23ND2-HD21    113.184      7.612         1560 
    ASN23ND2-HD22    113.236      6.832         2468 
        ASN24N-HN    116.941      8.704        88639 
        ASP25N-HN    117.989      7.225       129701 
        LYS26N-HN    113.090      8.207        85013 
        LYS27N-HN    115.362      7.448       105147 
        ILE28N-HN    116.825      9.716        64940 
        PHE29N-HN    126.850      9.205        62345 
        ALA30N-HN    130.657      8.374        84052 
        ALA31N-HN    120.108      8.706        13175 
        SER32N-HN    114.729      8.050        73337 
        ARG33N-HN    124.049      8.336        56390 
        LEU34N-HN    122.144      8.230        49563 
        ASP35N-HN    115.166      8.689        42692 
        ILE36N-HN    119.431      7.066        72115 
        ASP38N-HN    115.130      8.239        67832 
        ALA39N-HN    123.691      8.230        81717 
        TRP40N-HN    123.346      8.003        49580 
     TRP40NE1-HE1    130.220     10.294       177548 
        GLN41N-HN    115.064      9.566        75721 
        MET42N-HN    117.359      8.569        63570 
        GLN44N-HN    119.804      8.161        11280 
        GLY45N-HN    110.284      8.598        65005 
        GLY46N-HN    106.918      8.357        74197 
        ILE47N-HN    118.744      7.402        58820 
        ASP48N-HN    130.389      9.239        68611 
        GLU49N-HN    121.412      8.657       131514 
        GLY50N-HN    114.669      8.950        59527 
        GLU51N-HN    123.304      7.928       137344 
        ASP52N-HN    127.300      8.820        94707 
        ARG54N-HN    117.271      8.537       116940 
        ASN55N-HN    116.876      7.456        91522 
    ASN55ND2-HD21    113.946      8.265        -1557 
    ASN55ND2-HD22    113.899      7.045         2593 
        ALA56N-HN    124.485      8.444        95499 
        ALA57N-HN    120.856      8.198       128540 
        ILE58N-HN    118.091      7.564        76221 
        ARG59N-HN    121.350      7.963        95749 
        GLU60N-HN    119.560      9.226        77281 
        LEU61N-HN    118.153      8.166       101222 
        ARG62N-HN    122.073      7.429        86011 
        GLU63N-HN    119.855      9.050        78515 
        GLU64N-HN    112.717      8.405        79284 
        THR65N-HN    103.100      7.363        55873 
        GLY66N-HN    110.620      8.011        82338 
        VAL67N-HN    121.297      7.341        87536 
        THR68N-HN    115.534      8.648        44116 
        SER69N-HN    127.249     10.148        56996 
        ALA70N-HN    125.577      7.682       158651 
        GLU71N-HN    119.603      8.552       100637 
        VAL72N-HN    125.090      8.738       116474 
        ILE73N-HN    125.167      9.115        51612 
        ALA74N-HN    120.065      7.899       106957 
        GLU75N-HN    118.098      8.366       114327 
        VAL76N-HN    128.768      8.448        70887 
        TYR78N-HN    115.713      7.017       118882 
        TRP79N-HN    119.745      9.387        53277 
     TRP79NE1-HE1    131.497     10.511        96230 
        LEU80N-HN    124.844      8.777        51287 
        THR81N-HN    115.216      8.845        66619 
        TYR82N-HN    119.962      8.496        39497 
        ASP83N-HN    125.347      8.635        57344 
        PHE84N-HN    120.998      8.332        53597 
        LYS87N-HN    116.598      8.956        35508 
        VAL88N-HN    120.186      7.310        40434 
        ARG89N-HN    120.543      8.173        54567 
        GLU90N-HN    117.745      8.165        56308 
        LYS91N-HN    119.035      7.490        45034 
        LEU92N-HN    119.940      8.187        69986 
        ASN93N-HN    118.483      8.175        84796 
        ILE94N-HN    119.688      7.723        17790 
    GLN95NE2-HE21    110.924      7.079          437 
    GLN95NE2-HE22    110.926      6.700        -4655 
        GLU95N-HN    120.137      8.013        11173 
     TRP96NE1-HE1    128.483     10.099        70761 
        GLY97N-HN    110.216      8.135        48920 
        SER98N-HN    112.998      7.770        36767 
        ASP99N-HN    120.735      8.149        17296 
       TRP100N-HN    122.362      8.113         8696 
    TRP100NE1-HE1    129.522     10.188       105750 
       LYS101N-HN    120.201      8.721        55628 
       GLY102N-HN    104.807      6.930        45095 
       GLN103N-HN    117.892      8.547        53436 
       ALA104N-HN    126.495      9.247        52648 
       GLN105N-HN    121.499     10.125        50617 
       LYS106N-HN    131.510      8.823        51361 
       TRP107N-HN    126.876      8.217        44013 
    TRP107NE1-HE1    128.836     10.315        53007 
       PHE108N-HN    118.433      8.534        71492 
       LEU109N-HN    123.892      8.706        75503 
       PHE110N-HN    127.912      9.918        70614 
       LYS111N-HN    121.489      9.431        77937 
       PHE112N-HN    127.048      9.566        78797 
       THR113N-HN    120.126      8.590        68353 
       GLY114N-HN    107.712      5.142        52788 
       GLN115N-HN    118.143      8.705       107122 
   GLN115NE2-HE21    113.184      7.612         1560 
   GLN115NE2-HE22    113.204      6.855        -2219 
       ASP116N-HN    122.968      9.197       110432 
       GLN117N-HN    117.371      8.409       133449 
   GLN117NE2-HE21    112.195      7.657         3940 
   GLN117NE2-HE22    112.228      6.965        -3993 
       GLU118N-HN    120.029      8.538       127486 
       ILE119N-HN    117.869      7.325       108186 
       ASN120N-HN    126.859      8.780        90039 
   ASN120ND2-HD21    111.989      7.704         3760 
   ASN120ND2-HD22    112.220      6.882           86 
       LEU121N-HN    122.987      9.092        64232 
       LEU122N-HN    117.079      7.891       105012 
       GLY123N-HN    108.536      7.817        97285 
       ASP124N-HN    122.454      8.424        16685 
       GLY125N-HN    109.362      8.567       119919 
       SER126N-HN    117.134      8.501         7595 
       GLU127N-HN    121.267      8.218       121897 
       LYS128N-HN    123.504      8.611        87186 
       GLU130N-HN    121.028      8.501        57252 
       PHE131N-HN    118.536      8.482        72292 
       GLY132N-HN    105.584      8.652        52587 
       GLU133N-HN    119.336      7.402        81891 
       TRP134N-HN    117.722      8.352       117763 
    TRP134NE1-HE1    130.093     10.180       172702 
       SER135N-HN    115.189      9.086        88323 
       TRP136N-HN    122.372      8.002       127990 
    TRP136NE1-HE1    131.489     11.116       123188 
       VAL137N-HN    118.892      9.960        75828 
       THR138N-HN    112.541      8.662        90291 
       GLU140N-HN    114.464      8.386       104530 
       GLN141N-HN    119.726      7.748        58849 
   GLN141NE2-HE21    110.751      7.423        -4852 
   GLN141NE2-HE22    110.751      6.753        -1291 
       LEU142N-HN    118.505      8.388        91385 
       ILE143N-HN    116.043      7.523        74313 
       ASP144N-HN    117.666      7.287       110552 
       LEU145N-HN    118.277      7.978        76418 
       THR146N-HN    114.427      7.414        72788 
       VAL147N-HN    118.279      7.964        42720 
       GLU148N-HN    123.998      8.833        67707 
       PHE149N-HN    113.279      7.975        42556 
       LYS150N-HN    116.425      7.316        48145 
       LYS151N-HN    120.079      7.421        63182 
       VAL153N-HN    117.587      6.699        57836 
       TYR154N-HN    119.044      8.355        49970 
       LYS155N-HN    118.203      8.595        85563 
       GLU156N-HN    120.149      7.266        98170 
       VAL157N-HN    120.090      8.246        79474 
       LEU158N-HN    115.872      8.376        70045 
       SER159N-HN    114.829      7.540       103423 
       VAL160N-HN    123.922      7.829        78842 
       PHE161N-HN    115.743      7.755        91789 
       ALA162N-HN    123.963      7.388       133439 
       HIS164N-HN    114.691      8.152        95947 
       LEU165N-HN    125.370      7.396       103260 
        SS332N-HN    113.353      7.052        -1492 
        SS345N-HN    112.775      6.865         -527 
        SS346N-HN    112.678      6.838         -171 
        SS358N-HN    111.682      6.885         7333 
        SS361N-HN    111.037      6.831         2566 
   ASN512ND2-HD22    113.256      6.932        -3098 
